3504
8003
65
3569
8258
1443
7769
6545
3831
2173
5559
4977
1438
1026
9708
4428
9211
6882
9150
9623
9983
5925
3220
4457
9650
5949
8086
1028
8437
2236
8808
9783
2347
7089
855
821
8598
6282
710
5691
4618
6208
9652
9098
1889
370
5507
7677
9997
2788
5281
4154
7234
6270
5842
8001
7799
6215
8734
5413
8344
2162
9707
7432
7836
7593
4789
769
7522
8641
7792
4390
6900
1762
7455
1221
154
5109
9975
1834
4463
143
626
1767
2186
2099
1542
4555
4842
6615
1809
377
2159
199
1361
5844
4001
6329
7627
4674
3424
4421
4678
9156
6562
6591
5006
8875
9692
6854
7981
3733
9737
3441
49
6019
153
6602
5672
8621
2082
435
565
4271
8562
3787
6226
6010
9021
7886
6582
3853
2313
5064
1624
1769
2834
537
6007
9593
6048
9122
9382
957
7053
1166
1519
4470
3791
8838
7883
2911
2988
1698
7192
8898
9534
3423
7113
5423
8033
4294
3803
3183
1249
684
162
9470
8779
7229
3579
869
2298
8847
2849
3910
8128
9308
1974
4123
599
641
5074
7452
1547
4285
5055
5253
3348
2751
8935
8233
5410
7074
8302
6716
454
1635
4333
1724
8969
2897
4735
4238
5365
8363
7754
2580
2566
1252
2063
889
2275
5294
369
1535
6145
6958
3676
423
8292
1972
2614
9960
7019
7185
3320
8850
7666
8773
2965
6964
3925
1988
6829
5807
5528
743
2277
9243
7600
8294
4970
8488
6892
7133
6695
473
6659
4417
1319
5449
8189
5414
9278
8880
2267
5210
3946
3118
7421
1017
8927
6136
6536
2395
4690
7478
2947
3701
915
4329
4590
6718
4979
9394
7038
4126
4174
1448
835
4941
9956
4223
1918
1626
284
6424
2446
7054
4010
1313
9155
398
610
4623
1938
5234
8149
1781
7263
33
6033
1114
8959
6335
5592
288
4980
784
3674
8772
1848
9233
4120
9256
5151
168
9929
5014
8861
8795
5138
4067
7855
5308
2928
9677
2357
1648
1820
6302
8697
5113
9740
596
4653
2322
6871
5679
216
3149
1234
1196
2077
9116
4219
7406
894
7050
4927
2272
8615
3177
3242
5165
5257
1577
8974
259
4593
1293
4931
2624
5534
2038
9071
2420
8569
3511
61
2744
243
8675
2403
7539
2594
7107
7849
6219
6455
5938
4034
9965
3555
7386
9508
150
7894
7166
2369
4989
297
7475
3458
7612
6260
8763
6736
4736
7861
8198
4481
4686
1609
5761
3529
5952
9138
6274
8185
7976
6135
3662
8405
9897
1985
9774
6590
6469
58
1621
564
7377
4399
22
917
8596
6250
8725
6668
2363
6177
916
8640
5327
8223
1737
2527
8063
4267
3826
3860
8123
3823
5819
3279
9634
5725
9570
6365
3585
8446
4527
4086
7061
3023
3102
1172
4516
3261
6672
4382
9170
230
4953
5628
7155
2747
6581
1960
2442
9968
7152
9864
8932
1218
5943
7879
2620
3801
3755
8906
3357
925
2328
1901
9411
343
4545
311
9357
2004
1963
7141
9251
3847
2473
3842
9412
5319
3912
152
1299
3500
6860
3768
7418
8032
4487
4824
8700
5123
977
4275
2934
1806
2785
205
8179
7429
9012
27
9839
7363
4393
272
5746
2984
6999
4905
2212
125
9654
4859
39
8968
4741
2715
9613
4158
7030
4795
6022
5995
5166
3829
2637
6114
6412
9620
6044
6221
8416
613
5336
8561
4218
7604
4838
4404
5067
5233
4938
589
7499
7483
7648
2428
1078
5126
2127
7992
198
3469
7951
6656
1430
9027
6534
8202
9347
6078
9728
1800
8532
7314
4713
4083
3924
2490
1668
131
5887
8732
4081
8842
2333
2102
4669
8976
7919
7063
8311
9185
4383
289
6478
7547
4389
2005
185
2565
6910
7942
2851
6131
5629
5318
7194
339
4538
6241
9810
1375
1606
1725
6278
6312
3365
3386
4297
2719
4721
3338
7265
920
7485
8689
8654
488
876
3027
7211
8856
5344
9103
8526
4248
1967
1822
2021
8518
5131
3236
2625
1540
3509
2010
3933
5039
5987
1409
1432
88
6396
4648
421
4661
2486
5794
6448
7183
439
2660
7928
8188
5537
2709
2650
6791
4400
7440
518
3477
7300
6351
9603
4607
244
9849
3088
7457
6539
3911
4345
4964
8952
5713
9253
6660
1329
3008
2326
5664
4236
2499
3396
5780
6443
3160
3472
6369
536
5930
3785
1814
5663
7820
5454
7714
2508
2754
8261
8088
515
5240
1742
623
6449
7673
6841
2763
4663
2261
2065
5076
2321
1315
2132
5892
6149
2481
8018
4290
4975
9315
6838
5066
964
6354
7974
1532
2018
4313
1453
8658
9425
2677
6167
6496
9008
4455
3222
687
217
3808
7024
1081
8263
1741
992
9904
5350
2258
548
9855
4532
7874
8583
8438
3977
2545
424
8672
3812
859
8649
6895
959
9581
9596
800
6324
8981
4434
1427
9188
2393
8733
1574
6273
1723
1348
313
4388
3994
5796
5790
7728
8199
853
3020
4394
4213
3482
5374
8164
6487
7772
2875
5295
1616
1549
9658
9951
7978
8741
8137
5017
4095
9223
5862
3960
779
6235
4042
4381
7434
8107
1450
4725
7626
6601
9563
9093
2644
1900
9193
8370
4542
4111
9553
3304
4229
44
3256
9883
8209
45
71
6428
3440
130
2189
9966
9722
9304
3825
5221
2240
6502
527
9224
2585
2652
9307
5955
9266
1392
3532
178
3700
1815
2662
3381
5893
9911
9907
7417
2156
4610
2458
6009
2219
6092
6917
814
4198
3789
3346
2439
7342
6842
985
762
3208
9016
9009
111
9349
3113
4704
1681
6706
1530
3322
5760
4703
2959
4617
3050
5277
1871
9922
3516
9398
9157
6212
5965
6441
7996
3708
7921
634
6430
5569
7711
3872
3136
9475
1305
8009
3328
5352
4358
3473
4596
4303
5543
7086
5846
9693
8521
7762
8995
2986
3216
932
7983
7235
2655
8486
7212
4466
8058
3979
4691
8502
274
2858
3452
6109
7474
648
5141
2130
8042
6420
3313
4127
584
7046
9083
4757
9931
2229
8267
1426
5983
9674
3841
2769
4990
5360
2445
5804
6546
6522
1878
6513
3199
2101
2022
3323
6926
6577
256
3830
6189
4464
5618
6530
9172
3012
9448
9879
7028
2348
7518
627
1589
8731
8719
3767
9540
2031
38
3144
8177
6230
7055
2051
3186
8397
2881
6528
8586
9234
614
4371
9428
211
9591
9574
718
5858
7129
8620
6290
2607
639
3861
5228
4996
1403
4894
716
448
6171
6942
6628
1498
9873
3410
4695
8958
9203
5133
7708
1397
5457
1923
913
4009
7975
6952
7333
7001
6483
7426
580
1585
635
714
5957
8278
4856
7510
9645
215
8712
5346
68
7512
5895
4200
4708
4586
5459
4717
4522
9375
3898
2956
5837
1945
1020
9815
2669
9032
4591
9718
1509
4268
5486
7066
4055
579
3795
8893
6553
6247
3772
467
9166
1047
903
474
3647
492
4915
2723
7119
4070
9557
661
6101
7269
5161
5564
7918
8245
6805
6901
110
5135
6463
3083
5385
8803
5305
6875
8844
8835
6220
9471
3137
519
7819
3528
6868
7733
2048
8551
547
9986
1863
8303
2602
221
8183
5464
2163
3832
7271
1005
6229
9146
2938
6880
4913
9319
8219
6589
3022
9106
510
2613
7253
7219
5719
2273
9550
9847
6886
6494
7157
7025
8664
7768
1472
7776
4740
8793
6445
2489
3707
4191
9247
3622
3866
8559
1152
2867
6402
8059
5458
4269
172
4965
8500
1434
3680
5771
7985
5911
6904
692
9314
5128
6288
3370
7033
6651
9387
7308
4304
5540
6596
491
7490
3636
7210
325
9422
6976
6251
4221
4026
7017
2024
4080
9845
2042
4454
5544
9204
7075
7322
416
331
3980
933
3696
54
6377
3060
3583
2233
3591
3868
5280
5765
98
1262
6152
8878
5568
4700
8989
355
4060
5232
3445
8450
136
3686
6845
9439
3043
1120
9126
7764
4739
8790
4556
4762
3543
5615
9076
1311
5678
6600
910
5779
9031
1032
4771
9225
3560
6893
1643
2183
606
5659
5576
7860
2729
2944
4594
6067
8017
4488
2066
3166
8390
3800
6574
1685
4137
9595
1864
4633
6210
5532
4515
4871
4615
8034
2387
2734
8692
1969
7771
9958
3465
8762
1697
3899
7268
1395
6797
5158
9421
1543
591
8016
9572
3490
2318
672
2974
8288
5633
4064
3943
9524
3422
183
8515
2800
1910
2912
9050
8235
5479
2335
3383
1465
268
5124
5037
5238
8843
3595
5219
8624
4933
7871
2343
7078
9963
196
2493
6295
5619
4531
6620
5922
978
581
2732
7144
6936
5231
7641
5910
2000
7081
34
7572
4833
5602
2152
2727
880
3522
4149
7591
7663
8909
5077
9479
8982
2916
3781
7384
5494
6971
4260
1796
1082
682
8231
3997
4845
7890
6639
5992
1493
1766
4901
9108
7270
3272
657
3896
7987
6529
3039
7597
8072
818
2353
8360
8092
6963
6629
3433
8978
6855
9920
6392
8432
8994
1740
3215
3283
7884
4011
222
100
4032
6192
5612
9673
9857
7087
6296
2290
7803
9005
8451
3695
5686
1468
314
8476
2777
378
5003
7473
9104
7700
8797
9330
189
4635
3546
836
7204
4920
5875
2429
2999
2207
7007
9833
9198
4150
3948
3687
2583
9455
7564
8043
7108
8565
8868
8650
4368
8255
3074
8325
4664
7209
929
5941
8036
9359
8685
1266
9464
654
4114
909
5099
1016
1733
8155
795
6809
3632
3207
8638
7280
7825
8286
7544
9107
5422
9290
3237
5322
4068
1349
765
1855
6771
5986
2081
8805
2815
3802
5401
70
1393
1520
1950
6181
2284
546
6700
1156
5928
4540
1229
9809
6371
9467
4638
6933
8461
7716
5795
1050
5461
1365
3643
4831
6484
9892
356
9928
1663
6947
4321
8792
9339
8
8193
9201
3557
5902
5096
5651
6148
4493
2457
7040
6575
5620
2981
4574
4216
8242
4655
8468
1514
3106
7747
4350
395
1326
3152
5812
16
3092
8993
8514
9837
5047
4258
8714
1404
1027
6967
9688
9378
6939
8019
7846
8152
4380
2544
3792
6916
6988
3665
1745
1728
4419
5935
5050
1261
4840
2844
4895
382
5467
5694
6498
1183
7252
6414
3046
7359
6419
4518
7232
5490
4500
8075
2996
73
671
7548
2292
878
1902
9555
3805
478
2736
9176
8747
4738
7915
3747
312
9803
26
7250
1994
5196
2530
8520
950
9446
5416
9434
6822
4410
4101
5715
4098
7444
5680
9196
2157
2648
4827
9746
5235
5711
1526
3278
8102
8702
9671
5716
260
1197
7655
4175
3197
3893
2753
2811
8287
427
1942
9022
4619
7356
3110
6054
1279
7662
616
3209
3836
9888
1342
3029
3702
8511
8606
935
3920
393
6914
4124
4903
4755
4948
5787
1731
2062
9313
6164
6863
3007
4028
3223
2171
4748
1243
9092
4222
9478
5184
9237
9759
9165
5553
5610
1816
6993
2933
2305
5236
282
4745
9217
7994
4631
391
2592
9970
5759
6669
4276
6477
7927
711
5078
6764
9187
2578
7419
5808
1179
1852
5996
637
7748
6843
5944
9617
524
843
1596
3268
8293
8135
643
4182
4262
7254
4583
551
4278
1787
6557
7794
8327
7652
4560
1352
7822
3641
601
2987
4052
4453
276
4089
7941
4718
2682
6309
2271
2759
4188
4758
7414
3411
363
8140
6588
7118
4850
4830
572
3982
7190
4228
9778
5355
8425
6763
7402
9491
6911
1014
224
2385
5891
3822
1122
6920
4647
3873
6467
5523
2778
7186
6839
7923
7039
1810
4668
9328
1190
7606
2145
354
6330
2741
4364
7532
5871
8013
8496
3601
4357
8417
3527
5512
2570
1982
3988
1500
7793
9608
5606
6488
3409
4602
5654
6793
6823
640
8174
6144
3158
8708
4637
3462
3388
1937
7807
270
7752
9477
1369
3552
6879
7294
7749
6043
385
9161
2253
9967
8618
9337
3968
7552
2302
3157
7812
6902
8391
4916
5368
7003
7705
9497
7104
5693
4359
1758
5289
3364
9923
5656
6318
5775
5438
8277
3588
6739
4609
2177
6493
7847
9918
5923
837
5107
5613
3003
3096
5328
6036
3983
9979
9516
6997
1735
5616
8482
9419
1824
8449
9020
9212
7869
9199
4100
9323
2850
4250
1658
1102
2725
1709
7285
1678
4365
4153
1131
1881
4940
5160
4159
1508
8951
3470
7905
3270
8872
8220
5810
3818
8810
9345
5482
744
8045
4014
4003
5978
6074
9786
6733
8229
7049
7839
9084
712
8799
5823
5583
2232
8421
4976
3600
2710
2078
5095
7802
3721
1147
4171
6517
2937
9852
5598
4790
7147
8175
8268
8781
5110
1253
9288
740
2943
7801
4872
7753
8833
7257
438
6170
5273
1440
4622
9836
2882
3563
8564
4411
7392
7699
2244
6385
9926
8190
9494
4963
9400
5389
1232
1883
7337
754
9360
1953
1135
1702
9666
5162
1775
5431
116
1841
2880
3664
7047
428
1999
2808
5471
3384
8930
2337
7289
4639
6001
2920
8690
3377
2711
7398
4279
8146
7653
7385
5548
3059
3293
2153
5367
5440
2678
5470
8027
1694
8527
1679
4997
7259
2556
9231
1907
9431
7717
750
66
8871
5092
4554
1041
552
3484
1919
9713
1629
353
2202
462
2215
776
5662
2503
8345
7125
6560
1676
1054
8275
5692
3593
4875
8854
7567
5012
1039
334
5208
501
2400
1354
1565
241
8544
8626
3769
4459
7079
9134
4723
8612
6573
1802
9541
9567
2560
5754
2454
625
2372
6389
3921
6206
2146
3123
8480
4309
905
4863
3850
3645
615
4706
8053
4092
1260
2264
7368
1792
8426
9559
8926
663
3602
9206
1194
3139
1706
7445
6981
4698
4002
5685
1692
6018
2087
1321
3530
6655
994
2025
9779
6780
1073
1162
6622
2992
6685
7543
3179
9545
9655
2137
2979
4169
2593
1346
8888
3761
951
7906
5451
8761
442
4430
3852
3047
5724
8352
6331
864
8131
2567
9474
1645
9903
6310
3347
3079
7014
6835
5218
5768
8424
8236
3508
6874
1332
4577
726
3894
5671
1986
6509
1469
7241
2279
1973
7469
8911
790
9744
4908
9846
895
5800
3054
9117
7557
5224
1075
1233
5743
6599
5541
8307
9213
5376
5697
3556
9018
8964
2047
5970
5527
1089
1639
5647
3406
4005
3360
1770
4561
7335
6519
7521
2382
6061
9039
9798
4320
5456
691
5900
165
1659
7479
2989
2046
5641
4960
1023
2638
4808
4363
6486
3063
7777
4851
2342
5079
3956
3623
2821
8257
9830
8249
4423
6108
4912
4520
3659
4251
1884
3438
4559
4206
7160
337
2608
6293
4611
4270
4879
1977
3417
5267
9218
8718
4675
2075
9069
296
3897
7195
7947
6137
6238
8203
1786
7973
7900
6587
2865
2848
9584
5
308
5386
8365
8070
2398
6358
5920
1931
8212
4818
8645
9282
9511
4509
7671
5740
1677
7962
6355
6052
7882
6031
5056
9063
6066
4585
5929
728
9612
2718
3036
6393
8060
8983
3972
2950
8381
8389
6750
4987
2455
3185
849
819
6166
8378
4461
4891
3793
5008
2234
8967
7703
4507
2600
2962
1525
9947
52
8916
4801
1555
1012
6178
7731
7146
1367
2193
6027
8156
2044
4928
1975
5913
2293
2647
7248
2012
384
6951
1289
6645
3329
517
870
4696
7676
1454
1323
8243
8459
4982
7099
5937
3412
1894
3574
1634
6065
4625
9886
2482
1566
2041
2543
5744
2015
8130
2029
1590
188
7530
4907
4626
9981
7999
4728
9254
5150
3526
2419
4000
6572
879
9085
3973
2288
5666
4858
350
2200
4662
6323
6649
595
8942
9694
4259
32
82
3926
6605
4897
9885
5338
2843
511
4291
1113
1059
29
8522
9998
5762
4636
1704
4512
7164
5154
90
7621
3885
5130
554
3855
5882
2408
2954
6195
6887
6977
918
9569
6982
2487
9341
8404
112
7605
8613
5379
8758
9208
468
2214
6073
5623
5147
6225
4605
6411
1207
3521
2964
7198
9119
5705
8147
1411
877
4360
6425
10
2172
2383
5864
1303
3453
5516
9710
5533
5283
4719
2218
8512
7424
1408
475
5433
9095
2518
4478
893
2820
4978
3296
3684
4232
6053
7952
1478
5445
3392
3331
2040
9580
5939
4079
7105
254
8441
3870
3401
4135
5088
3975
4805
9588
4877
202
8108
5406
9915
1171
2057
4348
5179
2334
9191
1265
1991
2205
6729
4289
3916
6698
9293
6642
7964
2535
8157
1373
981
3070
6881
706
4071
8739
2833
2511
2686
7179
340
1501
1846
2663
1727
7233
3378
9510
5709
5175
2926
5855
3843
5466
3903
490
1008
904
1088
1835
1181
6648
9974
6955
6041
1563
6807
9140
2846
9322
1045
5661
2373
7207
8474
8816
7785
9086
2653
103
4204
724
9984
8384
3129
3372
3510
529
9275
568
5005
4628
7775
972
5460
5340
3134
4133
2939
5034
9365
1487
2945
4852
6979
6228
4886
1506
9489
6946
1636
1271
7298
8580
5940
6138
4351
6965
7184
3685
4614
8122
6980
342
4346
5829
5852
799
5728
4693
5139
5820
6403
7326
7576
8516
3629
411
2312
1192
8756
5143
1398
1599
8159
1337
2016
5339
6783
5735
1080
5888
9738
6652
841
4794
429
1412
8510
2670
5359
988
79
245
9530
1087
5782
458
7954
7678
731
3799
5163
204
7502
4567
538
7316
938
2513
7307
6473
7442
1419
3443
2582
1224
3301
6387
5297
4467
115
1860
8442
7551
9894
6680
8828
5072
1038
9522
5720
4212
8785
6341
3379
7035
801
3284
9189
6130
6257
6472
5815
4156
9373
2522
1660
8745
1116
7950
3704
1388
8400
6674
1462
7091
3145
5448
645
3568
3690
8678
4744
1642
700
7056
2636
5313
2052
7867
3432
2108
2375
9525
2191
1534
8316
2706
2500
2796
3429
4286
5203
3100
9040
2263
8323
8573
8924
8008
8657
9691
812
7696
1738
8788
3881
6179
751
6368
9908
9621
5909
1746
1043
7324
8367
8890
21
6399
9862
2412
5395
6188
5429
3017
2197
3517
8218
9991
5229
8315
4855
563
9735
3426
1550
5051
2254
6913
3774
240
1592
2281
5157
2887
7071
3251
2169
9681
9800
5491
3277
7540
4973
8571
6802
1037
906
7205
7583
5075
8987
7595
9784
6532
3631
3076
7256
6252
9988
1941
6042
4029
327
4677
8412
3743
6989
4217
2656
5407
2631
911
8789
485
7972
3427
6176
3638
6903
6319
120
2392
2632
9639
6667
372
4756
1283
470
1906
3282
5369
735
7151
2286
7244
3838
5717
1084
502
7710
5351
5136
914
9536
2705
6
2297
6852
2475
7868
7023
3917
9010
1625
3540
7806
4825
1057
5249
7301
6384
1836
8283
1795
9485
5392
4249
8897
9364
2092
7715
4806
9814
7742
8094
4737
4203
1496
6055
7790
6506
2423
8607
5181
2478
9143
1417
632
3048
3210
6673
9355
8928
747
5853
5011
8822
8584
7009
7685
9136
1497
8213
7562
5865
7225
9890
4608
2898
897
8457
4366
9486
3858
4247
3461
9110
4266
5841
757
4462
1644
628
1995
2362
4899
7293
617
8376
9875
1112
9996
8271
5197
4323
4121
93
1544
2019
7443
1470
9773
9296
7797
5089
6566
101
9488
3993
3040
5741
8276
3463
4074
4207
5373
8420
247
7251
5476
4194
7550
5990
2011
7639
4929
8270
4301
1617
9068
532
2167
3252
9547
8558
1327
489
80
403
3021
3071
6089
94
9792
360
1457
6187
1489
1316
8029
294
2576
3723
6613
6696
2973
5353
9038
6688
2106
4397
8335
9943
8869
498
1495
2401
179
8246
9549
5198
7367
7783
4056
1025
1247
4634
7057
9558
2703
7746
8366
523
6769
9850
865
5119
9978
695
875
3807
3550
4496
6011
4474
1445
8820
1160
9566
7140
8264
7008
9698
9482
8407
6799
833
5288
9544
6547
9144
1312
8961
6915
796
542
493
4694
6735
7895
8593
1488
6775
3819
9684
8031
9795
9995
6817
1101
2802
3507
7916
9939
4246
5721
6960
3523
6699
449
4640
1618
561
9483
51
2949
6831
2733
9061
3884
4227
2857
2932
2091
1106
151
6778
1187
6083
441
7609
6761
7364
5498
5916
8611
773
2306
5863
1868
4409
4327
2888
2023
874
690
1959
9523
1943
3001
2803
3754
5894
6715
608
4865
9668
6713
881
7898
6442
8274
3758
6336
694
145
5345
5222
5608
1184
3611
351
8600
2856
4180
8304
8206
2604
2285
7149
5508
9679
9401
7889
8067
3228
6821
5201
5300
6214
5884
5518
220
958
8439
8387
6515
7814
9532
8077
5255
2391
6249
7276
1174
5341
9154
4847
4869
1216
7620
4562
1669
7459
1561
5648
280
4431
1281
3929
6190
577
512
190
9321
7170
494
4110
8308
4465
7260
3147
9101
8682
1564
8536
4043
514
5488
8616
1560
3086
2845
2716
1077
5758
1058
504
2879
9571
3618
6899
5817
6466
2936
9131
3995
9327
558
6944
7387
2775
9622
8252
1838
6005
7534
4530
5073
1557
9818
8099
5200
1473
7956
5676
1980
7315
7554
9329
4644
8555
4985
1132
4195
659
5867
6905
5640
1304
6359
2776
7610
1665
6433
2961
4458
250
9238
6405
884
4429
2952
6194
5022
6157
5108
3612
622
2758
2192
7462
4293
8851
7845
8490
375
1090
4334
7154
6626
3752
6533
3368
2502
882
7631
9320
6624
3851
9502
5485
1595
912
3065
5007
9451
1656
6657
9460
9374
1013
9269
140
2940
8022
2483
4077
2083
2492
3480
4445
269
3315
332
5645
5653
1823
8701
59
8026
3309
4600
6815
3715
7029
6565
7515
286
8680
2437
4088
3373
8825
2474
5521
3213
9665
789
1338
2791
4676
3196
9369
9782
973
7167
121
7116
9383
4549
1031
1661
5098
7682
2325
8546
7345
3393
545
6079
7646
7138
9590
974
8864
6762
7581
6316
5304
7642
3934
1405
1309
4181
1710
5783
2355
6104
6647
5043
3172
4650
2058
4025
7136
2461
1414
5515
9878
1925
4226
5951
2915
2447
5976
946
2755
1768
4624
7454
2531
9436
953
4066
9111
2175
8256
777
8200
8998
8419
2701
7568
2773
6233
7680
7187
4992
6931
5387
9672
3455
9585
5333
5590
9753
1214
6372
1579
2890
9324
8320
5398
7491
3668
5953
2384
5205
4968
3706
6609
9044
4007
9682
4306
5036
6670
9828
341
2203
6569
5688
5586
3425
4152
3928
9332
9139
9350
1743
6627
5343
5982
482
7736
8386
4809
7535
7000
3857
5764
4287
4682
1259
263
9437
8184
7735
7980
2421
4959
1241
5753
9825
9606
9197
328
426
5816
6408
6272
9935
557
9073
5302
831
9438
3914
6719
4917
4919
4681
4112
6452
7448
4274
1646
3617
5493
4451
160
3165
2095
3355
2664
3091
3344
5560
6060
1328
3343
5060
8591
3162
6357
298
7520
4255
5361
7283
3942
720
7435
472
1989
4874
7835
2569
1165
888
5599
6110
2699
7083
6345
9410
5378
1325
5331
5152
2610
9465
505
7262
8729
6650
3815
7394
8619
8766
3876
6197
8081
469
8324
4652
9066
8369
2501
7206
3514
2138
7922
8635
3549
1278
6450
2768
8984
7656
2358
3198
7953
8005
3515
3351
9097
883
8738
3786
4017
9695
8656
3339
9228
6091
7230
2330
8244
741
1936
137
318
1009
6932
9518
9799
7376
23
6972
8247
2831
8385
5307
8848
4016
2349
7114
631
6834
7689
25
7608
4924
5408
6169
7227
3353
1436
1201
7549
2315
7691
4013
164
3376
4168
4724
4599
6654
6068
9245
7805
6482
4839
9573
4820
4697
8225
1921
5177
2537
246
9564
6046
7346
15
7720
8534
6922
8215
890
5734
2368
3287
2806
7622
5100
7331
8182
1195
7524
924
7323
6032
1990
3649
9599
2210
6568
7379
3849
7936
1143
6500
3052
4349
7430
2658
6709
7508
1491
1637
4672
597
5405
5383
5394
3240
8786
1149
9696
4367
3053
7647
1857
8338
8139
6280
3133
4779
7875
3879
7984
6112
5786
2371
9742
6723
1888
67
2294
2365
4620
2364
766
5632
87
6444
8076
9132
6851
1484
1981
7016
6410
9769
1586
6404
578
8646
4362
7683
266
6025
5677
6878
7991
5225
1396
1940
1600
2388
7463
9905
8151
830
7128
8749
9079
5531
7139
1339
6923
3066
7541
3072
6584
4023
5432
5702
236
7460
3204
1406
9720
5522
6753
5627
9630
4281
4774
3986
7788
4848
3644
2971
6258
6969
9420
7500
5975
1699
2968
2894
2779
2790
7352
4322
5447
3419
9397
8464
5622
4048
2683
4813
6209
7427
7238
8674
7476
4166
6576
1927
128
8205
6567
5682
8454
8979
3709
9371
3253
7380
5603
3226
37
745
5997
8602
4263
8494
7832
1433
352
6644
7177
9091
8111
6856
9834
3120
2899
2059
856
4157
4984
2416
5244
9463
792
1467
5584
9936
3421
9776
729
8873
2314
642
5026
1976
9151
9957
9832
6090
4318
167
3854
5164
7859
4581
9529
108
3978
7343
9942
787
4184
4710
804
4310
2250
7291
1785
8765
8280
6474
7182
2591
4037
8834
3211
6941
5876
2885
1055
410
8430
6429
7264
9754
7261
8977
947
6360
1254
9377
8333
1034
2316
7390
2909
4497
8737
3468
8902
3935
2068
9752
6461
1832
990
7051
733
8372
2149
2573
3302
412
9181
8746
8920
2633
5465
6956
9445
7737
9167
2994
8121
8724
4887
1730
6611
4295
9637
9232
3901
4943
8528
4557
3497
7573
2320
2495
9284
3203
5745
8754
6174
6865
3316
6724
3984
3354
6485
6113
7159
7464
2615
8125
989
1357
6140
2908
8826
2209
4775
208
8011
1783
4720
8000
7068
9283
5363
4401
1126
3959
3564
5979
5187
4730
8915
4354
5776
7587
2168
1657
6859
481
9120
91
4803
2722
307
5519
4136
8846
9115
1461
4503
4770
7404
8207
2509
2673
7821
4422
4888
2141
6876
7519
6211
9509
1288
850
544
5156
317
5899
6795
7824
2117
4504
5424
1145
144
6508
8403
5421
1818
1104
4033
2587
2098
4772
2948
5947
3572
1655
8663
9147
520
129
7267
3212
6297
7800
3730
5667
7856
9589
2931
3366
477
1819
4494
7963
2336
6183
63
6929
8999
283
3766
4361
1651
1169
8170
3271
8507
8458
5427
1666
5889
8637
1794
6388
6289
5968
336
6847
3093
2533
9861
703
5239
5468
3024
175
5125
4040
6638
9867
9610
8866
299
3321
7542
1390
701
8574
5167
5542
3262
2180
1843
3705
97
8929
2623
7220
7640
2459
4352
8398
9292
2873
9844
2967
6804
7781
7329
7862
1829
2013
5041
3352
187
5898
3101
8148
4053
3006
5675
5325
4280
6401
4981
437
7885
1157
3090
4208
2339
6523
8358
6957
9305
3770
8683
3670
8251
3200
7495
8545
1320
9663
968
4379
7603
1296
7304
9528
2112
2045
2935
896
9853
5972
1245
2814
786
7077
8115
6118
4484
5276
1
8931
3491
4727
5792
5736
486
2276
1612
9017
2161
3061
5967
3073
3840
6849
5309
9372
6578
8279
7011
9125
9014
5474
8169
1060
8523
5587
9656
5866
9689
1890
1951
5260
4288
6248
6191
3489
4534
6380
2049
7399
6306
7070
4742
193
3049
295
3314
2434
5575
6925
5258
5577
2825
7563
5604
3002
8567
1383
783
742
6159
3245
3342
5083
3299
1097
5021
4018
2453
9430
9457
2724
8698
5358
9309
6158
218
301
6833
2359
1640
8259
4476
980
3639
3698
9893
4582
1771
5723
4241
387
1891
647
8804
534
1004
2407
9863
8863
3719
2182
8821
9252
2730
5173
6383
4547
7137
7042
8484
7878
5477
2464
5027
6232
425
6123
1481
5589
5286
8730
2002
1103
8807
7131
3182
9576
4405
1713
4468
2822
2451
9317
9037
1827
9854
7236
2352
2109
5530
6328
6690
5441
2404
1127
4837
4337
3081
1559
8777
9669
9326
5840
9035
6245
9514
3731
4885
681
8300
2118
9969
64
7369
1482
285
9153
5415
414
8913
9442
5211
4391
5658
7496
3971
1813
2514
6927
1290
8353
3603
7870
1240
134
7722
7979
5617
2942
4604
8248
825
9787
5059
6134
8774
3578
7439
4776
9519
3965
7602
9678
8467
497
8759
5579
9426
2014
8617
7840
8627
7309
4687
9413
9719
1761
7067
7529
4130
2060
7109
5149
3633
2649
4892
5788
4573
6087
6555
5980
3191
9362
1124
3597
9019
8728
4588
680
4844
9770
2975
8665
4314
323
8787
6511
5182
9805
1394
7857
9402
1747
2925
6147
8380
456
3776
1584
2154
7171
868
1948
1335
9952
7407
7586
3809
7553
6006
5420
8990
1371
3219
1362
816
2689
238
5849
7006
9162
2466
5065
2155
2088
940
3750
9000
9726
8091
5504
6961
815
4878
7296
6173
3380
2073
9099
3128
7831
5836
4576
9948
4584
6521
1381
4826
4202
6350
8153
3744
1811
6479
5701
9258
8633
7112
1641
3174
3729
3567
4436
6898
9683
9962
4688
6338
6481
119
8112
7203
3311
9697
9539
3148
1821
6995
4215
2980
5290
995
7730
258
5825
5310
1877
5091
1998
6304
4759
2553
1125
1593
3243
8597
7466
723
2411
9877
655
6679
9109
5475
2239
6409
291
3246
6760
9619
480
5784
9924
1552
5112
7197
7422
2877
5595
2571
736
5674
592
7782
908
7628
5243
952
5593
9
431
7982
329
6315
9267
4499
7958
4296
3308
2090
8377
9007
5752
6471
5766
4041
5252
4036
1256
457
2251
5284
6701
7692
6623
3247
6102
237
4925
945
4282
8986
368
3288
3310
8452
3371
3125
612
4440
3689
3395
3159
5513
6987
2761
826
2472
2977
7005
2181
2485
6415
3431
8178
8443
3487
4240
1474
5148
5404
3234
7817
6363
3646
2813
3250
6751
2794
4777
1108
5031
5483
3524
8098
4765
496
7041
4387
1548
2121
5291
9583
2983
785
5469
212
1511
6541
6470
2085
3844
569
3989
213
9300
8073
926
6507
7492
6998
2842
1021
1880
7758
4261
2134
7102
3945
885
8879
6743
4501
3171
8653
9302
5426
4550
7
9343
8284
8889
7123
1630
7507
3464
7513
9249
3244
6400
922
7362
7373
1199
3340
8368
8965
4177
5190
2827
7037
8757
6093
6748
2579
2866
7579
7664
4773
1749
539
3790
1957
3479
262
3652
7695
7575
1441
9241
9216
5326
6597
582
7645
6047
358
5791
8012
6820
858
699
7904
1915
3907
7773
5080
6872
6160
6172
817
4535
9067
9046
3961
7178
9515
9219
3725
9594
8727
1118
9520
1010
2907
683
4328
4684
2158
9135
3014
6062
7813
5117
3693
5660
433
9768
8541
6819
1200
4732
6150
4193
3742
3435
5266
5087
6129
629
2220
2035
1830
9242
8180
5813
5547
5269
7069
2338
76
7012
5749
2245
8241
4914
3753
2704
9244
6325
3434
1401
5002
5526
3581
7571
1439
5481
8673
5444
4039
999
8227
6286
9605
4986
8703
8056
479
7959
5116
7497
1705
852
2480
1793
9415
658
6021
7925
9582
7043
1258
9443
7174
3359
9640
9732
1503
4402
7425
3292
3264
7354
1476
3542
9500
1209
1340
1044
5264
676
1576
4442
6254
8282
8046
6621
9607
9993
1828
4870
1402
444
1275
4729
732
4335
5473
267
5793
3170
5262
6103
6115
6662
4787
5994
8841
9183
5145
7804
8572
4868
3173
4939
9767
7810
9348
9994
1499
2238
7723
2409
5106
4812
9819
604
3740
4536
9758
8691
8172
1428
4373
8048
6945
6631
9495
4846
9629
7876
5412
9771
7665
6756
8440
7093
3714
3817
365
3151
2861
6772
2252
770
2752
3267
7032
8222
5357
3902
976
8590
4398
8334
7967
5874
5103
3923
4107
7106
9058
7537
943
7472
1001
971
3495
3044
2991
7048
6004
1350
8162
9916
9600
2634
6758
1614
5298
4147
3181
390
4701
2627
9041
8815
6344
1971
1429
9180
8084
2142
6012
6810
4444
2546
6711
6816
6035
8318
9114
5582
1360
7914
5115
7121
2902
3930
1845
5729
1186
5756
8002
5204
9950
6364
1317
8296
6527
2027
7657
5700
4498
4090
9059
1464
8812
1610
3382
2350
9001
4299
5093
5650
9636
6784
3459
5489
5803
8980
305
3582
4473
3111
5681
122
5032
8886
6008
2390
8604
5824
7401
7830
8395
5323
6637
1984
4021
7351
5372
8460
1251
9949
47
3201
8975
7031
3877
9756
7176
2050
1176
3586
531
5178
4148
2289
3105
1211
2471
1148
5798
9391
1040
6121
9159
8240
7441
8041
3188
8605
4983
6603
6877
854
9047
6352
7449
5086
2982
2748
9992
1351
4786
5025
8326
2951
1134
7231
1095
330
235
10000
9100
5118
8538
8299
4665
126
5878
8912
2436
7588
6697
8557
7240
7305
8493
7780
4957
8599
9450
4435
7635
4075
7246
1456
9363
3033
4416
6737
8052
1970
57
1264
8720
5437
2378
9724
8723
7694
6340
2957
3759
6269
1929
2242
3775
5329
388
252
1318
127
2958
652
7614
6427
1529
6653
2504
3939
8585
781
693
4257
5409
9458
5069
725
2340
2852
7213
2520
8020
670
5732
8552
4766
2452
3097
1107
3127
1628
2659
6741
7299
2345
5703
3547
8237
2536
6465
6818
1048
4817
6141
1150
6873
7468
6731
8100
2643
3214
5492
602
7143
7458
5004
8382
3889
1597
5748
6051
6712
5001
746
6694
3626
3476
5988
7088
7202
5670
5933
1310
7823
3448
1344
2376
5626
1619
4731
1029
4308
6253
506
3013
4860
4810
7744
8015
3155
148
5806
8857
1091
7969
4338
6059
2444
4415
4324
2491
3156
8736
8914
664
3906
930
1198
2674
6056
6930
7127
1680
6204
4062
3069
5186
6890
5206
2564
8393
3135
900
860
3944
219
3108
2599
3037
3681
8150
8524
3221
3345
5044
619
9842
446
1670
3119
7887
5706
3531
2512
8120
5142
2443
53
6014
6954
6020
7970
4406
6792
4103
6512
2819
9052
2389
4035
4252
5552
1714
5500
6798
2549
5832
1273
6095
2519
605
9512
9506
5704
2731
3541
6003
415
6082
2055
8066
5950
1353
9999
5287
380
8471
2672
5275
4793
194
6436
7456
749
9891
3534
1774
1817
7828
1364
3999
7909
7533
8463
4307
3276
6938
2561
8530
4572
8290
8232
5301
7181
7939
13
6030
3367
4548
2611
3005
4579
6693
8840
5881
4342
2195
8669
5503
8117
9311
3537
2840
4541
1964
2595
1886
3099
709
1269
249
1372
6346
6704
5299
9179
8093
2076
8444
8336
8208
4849
9866
9453
2906
5750
2714
4065
5242
9287
704
9384
7560
2262
5391
8940
7290
7397
4823
4325
4427
9900
2381
6457
8681
8666
4514
4778
347
8985
6085
8356
8963
5901
1228
1164
3297
2581
9802
6497
6299
1859
8354
8239
1675
9793
5739
1086
206
9552
163
277
6256
3193
2248
5805
2433
4131
6808
6866
5020
7382
5683
7389
4546
386
1036
8818
6037
6619
6026
9699
1688
6291
1571
5859
7027
3669
9456
6940
5502
8923
3813
3254
9661
84
7302
7126
3281
8625
1729
5907
5946
4141
9824
1992
6057
4460
5699
2299
6844
3811
7687
9633
2217
791
7018
3009
4971
7818
5890
1170
678
3703
5570
5689
7853
1707
4392
7347
440
6707
6125
3131
8870
7505
4162
4705
7165
1674
7374
1930
2862
1652
2562
9826
2960
2552
6970
5757
8465
6598
3356
7410
839
8743
6343
3760
9127
2144
2094
5563
9492
3927
717
7344
6943
6814
8415
3460
3798
315
9030
8636
7278
8631
8038
6334
832
6124
9734
1896
5292
9385
5854
1753
696
3230
5023
443
4769
359
7570
5010
7297
5104
7431
8051
401
7668
123
6664
5084
4733
2020
6243
6682
2891
2697
2223
7196
6540
3762
1100
6182
8519
2760
9498
4754
3335
5371
1513
7990
3229
7629
7022
5649
5594
9484
6789
3797
727
5443
86
8409
7669
3732
5572
2586
1002
1006
459
1226
2917
9568
6556
3192
9632
1003
4233
5833
5917
9133
1286
452
3904
9874
6773
3327
4566
8962
9841
2963
2818
9554
399
6727
9036
8950
7526
1331
7917
3667
3816
3713
5396
9704
6683
2872
638
9961
4937
6675
5903
9441
8355
1217
2534
6853
6607
4782
9045
6889
9473
5393
1650
9624
9303
2596
8414
3307
8462
5828
758
5801
4395
5380
9487
9954
1410
7873
2
5480
9186
3794
4711
3000
4209
1235
6034
345
8118
7471
6213
3621
5961
7598
1442
9423
3506
5105
4952
4673
1153
2577
9937
6538
6625
4513
7446
6017
4433
3710
969
3035
6480
8154
8083
1776
4414
2255
5880
2721
9049
1215
9178
9896
543
5690
5625
9715
3285
1011
3699
6321
9346
4589
3398
6862
207
598
9054
4214
9262
7767
8957
9318
7320
89
3941
6722
8319
5821
1019
6554
6275
2835
6382
4923
14
6499
997
3312
7729
203
8132
4186
3067
1844
5082
1142
1615
5991
1158
5381
7409
9579
2259
20
1502
8525
2597
2150
4344
3734
7279
3225
2693
7420
200
9840
2124
1505
4537
1237
8238
535
4292
2104
5509
2555
4105
993
5712
1858
107
822
7986
5566
1789
3862
7637
8819
9889
3788
5977
9690
838
8230
1790
9664
6320
9945
5932
9121
9705
3104
7661
5428
644
1480
9982
941
2151
2559
4932
3580
4253
3820
1773
1562
4658
9214
764
8713
1416
847
8642
4102
1926
753
5442
808
9432
2256
8566
5251
2700
5624
417
9230
1911
2750
4407
3610
232
4425
2782
1744
5770
5212
290
7334
7059
521
6366
104
3520
6413
8717
907
3656
2053
1257
583
609
4109
3474
1887
5495
6313
5153
1471
1042
173
2708
4230
5558
4491
4834
5830
9601
303
2160
7163
3084
9870
5974
2817
1230
5631
7085
2826
4746
7021
9940
5172
7150
6367
9239
9868
7615
2839
227
2532
6559
7453
6277
806
1522
2997
6298
3642
9895
8194
6665
8699
3673
3658
9403
5127
1155
6907
9427
6294
3503
3389
2985
7659
9065
9898
9096
7325
9270
6058
8104
8428
5097
420
2266
1683
62
7306
5202
5496
1611
2598
8988
7378
1267
4375
513
7423
5596
5838
293
4456
9556
3249
1826
8936
6096
8173
2515
954
4936
8495
9281
8659
653
6721
8882
570
3153
1701
571
3867
5463
871
4657
7357
1914
8289
1861
3324
3189
553
6552
9932
192
775
1284
8085
6616
1180
2424
1842
261
8109
3018
6593
9404
74
5024
1853
8972
2122
4569
2507
6039
6732
6759
9028
2717
4791
4132
4998
1869
3492
4420
3034
55
8949
6633
794
6996
1069
4197
8970
8411
2774
9749
9725
2969
362
8503
3953
4096
7596
8418
4452
9716
9424
9141
3964
1764
9887
6263
7501
3746
5638
8435
3138
8466
5730
8707
8679
1024
1966
5562
8553
8908
9268
2836
3303
5140
8934
698
4551
1225
6749
8794
7097
567
9638
6268
2199
3518
5831
8337
1904
8295
2406
4819
1567
3837
755
6240
9976
9757
1385
2972
4558
6754
1263
2901
3833
2227
7827
2667
8096
5033
3614
6492
2540
5436
3864
5520
7272
772
556
6379
7872
445
928
4792
9646
8630
9806
1307
2370
3558
3041
9112
7713
600
3045
9533
872
9389
271
3300
7968
9169
7787
9823
6966
4449
7778
3205
8823
234
4439
349
8860
7355
5607
9312
2125
99
9807
8710
9706
4164
2749
9660
2344
8966
1539
9407
5094
4632
793
8392
675
840
7877
5772
2327
873
3375
4645
9077
5403
9985
3439
6100
8824
6542
2331
3317
1067
669
2830
3391
9686
376
6381
4199
6086
3576
1703
1833
3648
782
8943
166
7798
9538
5137
4008
1924
5873
1460
1458
6122
3112
6535
1358
8221
3716
862
686
2654
8375
3325
176
8539
8436
6906
2194
809
3969
5134
4930
5879
719
5227
6992
5009
8383
8226
1873
636
6640
6153
6063
7902
6175
4220
5535
7761
4889
7850
8938
6261
955
2832
9680
233
1928
4211
8049
9537
1754
1638
6394
1407
344
1693
6468
7808
4469
6705
8508
7559
1908
9642
1141
3561
8044
6390
9727
6301
1161
8568
1380
9597
5896
6222
2231
6081
4967
7275
8881
2605
4715
3951
4517
7284
4317
8925
6518
6781
3318
2456
867
7388
5068
8455
3756
1791
1203
1336
4526
255
7971
4302
5194
8250
5529
402
2007
6983
7854
1422
8576
9838
834
2319
5984
8652
6752
6595
5048
1504
9289
3895
688
6968
8176
5781
9865
69
6984
4315
9174
1804
1250
1541
1076
6281
1298
4244
6279
6146
2074
4709
1449
3848
8853
9053
9980
3839
1866
3519
4165
607
2807
1431
6155
807
8136
8301
3475
3987
6850
4
6495
3605
2413
2061
3613
7372
8305
1603
660
4059
2465
6075
3485
6768
8406
3121
8660
3827
8429
2765
2929
7724
9527
9733
9129
7489
5303
651
6962
279
9351
2547
5246
9088
9667
526
1110
5574
1847
8228
4489
3447
8769
1212
5797
756
3085
3349
4995
7638
9711
2869
7940
2435
845
4643
2635
650
8160
9507
3763
4340
3780
9736
7413
3430
8025
7330
705
9227
3778
961
8298
3577
5551
7654
3326
3627
4835
1418
5180
4446
6119
3126
1423
4539
3026
5644
2742
2432
2448
7931
3947
7277
5446
7811
6973
7391
6671
5588
8201
1932
1213
4822
666
4438
5217
7585
3533
7281
6767
9899
8831
4587
251
8039
6422
1949
6614
3565
503
8506
102
2688
3640
6666
4702
3544
677
8339
4685
3414
8328
8960
2178
3765
5956
8837
1961
1018
495
1272
7228
5919
9750
8401
4764
2367
9163
7632
4054
7833
2105
4151
7451
4426
6132
2468
5912
8634
2601
4143
3025
3604
8953
3294
967
7634
3015
287
1420
2572
3559
6710
1997
7948
9781
8347
3056
3596
5330
9452
3068
7350
1865
2341
1376
1588
5016
9340
5397
5348
528
8937
1979
2140
5785
5621
9625
5265
1553
3783
8329
8321
9648
1719
6585
6558
649
2431
7589
4511
620
6287
5054
2506
1355
7965
9765
8487
8313
9277
7907
3692
6896
1633
9057
3545
970
7180
1581
2136
2131
2789
6861
7100
4045
5959
7619
2425
6937
1000
3258
2069
3773
2470
8918
5390
2612
7332
5129
4660
6725
1015
887
1653
5293
146
1533
9358
265
7450
8610
5857
6991
5643
2809
8402
3587
8662
1022
3478
1933
2440
2695
5377
5311
3739
223
1446
3184
2681
3075
4780
8431
5826
7103
2575
8862
1238
5270
8504
9812
829
3238
7101
8845
1632
4106
7132
7117
7718
9517
6154
7809
923
5382
5851
5597
7763
2557
7412
5954
9286
3748
7082
2307
8265
5101
1007
4947
2072
3176
1064
4330
5539
6128
4061
5071
9444
7288
861
6227
6827
4129
2036
9370
4118
3592
3016
1895
6307
3062
1188
5121
367
2249
7829
8485
8434
1580
1314
5478
5191
5868
560
6456
3394
6634
6806
4185
9801
5057
6223
1345
4884
46
9913
9299
8362
2781
4689
7527
7223
9210
6028
3749
4861
7536
8110
8214
3937
2941
509
1664
5883
6417
6564
6423
621
6491
8399
8074
6832
9860
2766
77
555
8883
3190
3660
2467
4205
5981
6106
2243
7834
4412
3457
9946
3369
6788
9685
7538
4336
585
2746
9972
3274
7584
389
9712
7698
1922
1222
5053
7156
8817
3635
3298
3678
7707
1062
3280
4441
6776
5538
7644
3341
1163
1382
6894
3834
181
9257
3677
4030
2100
9158
326
96
5963
6283
8791
9760
8064
8973
9906
4265
3095
8371
7658
1993
8422
5546
9848
6099
4898
7218
763
2422
1421
2892
1607
170
3142
9598
7690
1334
1140
6825
962
8946
3672
6378
3970
1620
8262
6687
3919
1413
4671
9730
6107
5556
2396
75
3266
8211
3028
4598
7319
310
2190
8628
9859
8865
6777
5209
1573
1117
3535
5013
1291
4134
6127
2698
169
2084
8141
6489
7405
4355
3224
2346
1798
3571
6439
8167
9080
8944
4341
7929
1556
9604
3467
7201
6242
8782
8801
4505
611
1671
1033
960
6459
7080
2868
319
7400
3143
8079
541
1074
3141
7891
2198
5822
1175
4881
8410
2054
1391
3573
1779
9761
9938
6720
408
1466
3727
2427
9914
1093
4051
9790
6476
1444
2498
1716
4571
5870
8899
6362
8517
5860
4125
3952
7561
9409
9264
5015
2450
6120
9393
5364
774
7237
3918
2584
3992
9195
1956
1722
4788
7273
9029
7349
4155
9462
8331
3496
1739
9959
2523
7060
7044
2300
987
6349
5611
3804
6726
1274
9043
8069
6168
50
8035
8142
8040
1687
3922
2675
9653
9418
6708
7558
8531
8644
407
982
689
5696
2123
4994
6840
500
3
9876
3087
9872
3263
1085
9301
2089
9751
3737
4523
9042
1485
2841
2589
6234
405
6520
2694
2558
155
2479
1882
3418
7310
1622
3239
2139
3562
7910
5652
7702
1202
2617
1546
7383
6246
3726
3415
6824
7208
3738
11
5000
866
921
2017
8809
848
9316
6544
6870
8887
1805
3130
7135
3859
4173
2510
5847
6347
5687
7580
2739
5665
8671
9472
948
3599
3616
5250
159
397
1920
1568
9614
292
1935
2707
6571
8900
8478
4552
139
7098
2745
1521
2771
5316
3402
3077
5960
9113
9748
1424
3551
5183
2497
1672
588
2792
8592
7360
3720
3814
8639
1849
1455
1885
3915
3869
9764
6921
9871
3771
9831
9449
5550
5455
7045
5278
8379
1111
7295
8071
5934
1035
2304
5144
1030
9944
2006
9466
7582
963
986
253
6658
549
6537
9843
522
3358
891
3399
4078
8119
6950
3657
7930
708
8021
8030
3607
7216
5998
1831
4201
2033
4904
7684
8687
9902
1682
9273
2812
1516
9461
2864
5114
3114
6774
2484
6264
944
3955
9331
9609
4189
8780
8547
8575
5600
3936
5571
3259
2441
2093
8505
8778
6745
5580
9917
8768
8648
422
4145
1587
721
5028
4403
8007
6830
7569
5049
5296
1598
6641
4966
1374
8670
3505
8704
9414
9023
7358
9334
9721
9255
5931
8481
2772
9901
7366
4821
3609
9869
1302
2712
5774
6398
5634
6395
2282
4099
6255
4163
364
5063
5510
300
4935
2113
9490
6236
5450
7913
2476
8750
3883
1879
4477
3821
6407
6224
5042
8589
7837
7851
9222
5356
8608
4799
5195
8696
3741
2783
8755
9700
5030
7013
1294
1096
6464
5388
8234
214
8364
3436
6165
321
5122
4612
8771
4751
7340
4483
9578
8859
9429
9817
4797
5904
6438
9602
2496
737
2111
9192
8744
9194
5695
6186
8764
3444
9003
2666
8643
3637
9033
2767
3082
7145
3235
4524
7274
4486
4144
3374
158
7341
8057
7949
4565
5555
1689
5261
5605
4784
9575
593
6796
1734
8196
156
8116
1608
7774
19
7660
6440
5159
3363
3269
6262
4196
5314
5738
9505
633
9344
6431
5585
1389
7523
2816
2756
4592
813
2946
2417
2356
4843
9729
2976
9543
2896
979
4506
7816
1515
6337
5747
4910
322
2418
9089
3905
5614
3483
4714
824
5462
9856
5435
1121
2317
6826
9062
7739
7741
4479
3218
3004
4969
4139
759
3094
2460
8306
1137
8260
4312
2204
7920
7504
1159
739
6935
9004
3976
7751
3810
8408
1870
476
3387
8775
7348
191
9221
9433
7287
7745
1119
7760
1551
3981
4862
7826
142
5908
1130
5272
668
7052
6505
4502
5525
7249
1604
1477
6339
5176
3488
1210
5714
4224
3227
2332
4418
7938
2225
4902
9164
3634
6292
7531
2477
7193
2488
9777
2551
7096
1115
6583
1386
180
734
28
6205
4760
1554
4575
242
6475
4656
9276
7286
2114
1178
6434
3428
4424
7217
3608
9013
1947
2630
5778
9851
7880
8341
6635
9808
8563
5342
4482
4019
3337
124
81
9616
9780
6271
4999
6858
1146
4024
2690
5315
2622
9380
5601
7933
3078
5722
9496
41
1079
9785
3403
9072
1613
9263
8342
665
3908
1507
5411
7765
3413
1494
9246
1583
7481
2526
7977
1874
2953
3362
5248
5926
4119
4243
4900
1133
6978
956
7734
499
8210
4630
9526
6912
1799
6353
3107
8010
8332
2824
630
1720
434
6416
5081
2680
5789
2028
5362
6300
7750
5567
7175
7852
335
2619
1490
8087
466
6348
7932
2030
7353
4642
4909
6504
1867
8285
8661
7944
3405
6646
4926
1046
8143
2805
9615
6356
2224
114
9202
2521
8224
9148
5216
3661
7630
4432
8578
1875
3146
7111
2462
3305
9813
1049
1239
8197
366
9577
3966
5958
5727
3420
487
6846
9006
8312
6811
182
278
9128
2170
5839
8706
2966
1667
3032
6000
3178
8948
3584
2878
8540
3124
7365
2970
8469
9542
12
2001
5897
6265
9731
624
9390
8760
3150
5843
9763
4988
8577
7908
9927
3828
6531
7162
7901
1128
6740
2874
4580
5452
7188
1983
7957
2554
9955
3615
1605
9535
2696
1944
3194
6786
7815
7617
3273
9250
8350
9395
450
177
2185
7688
936
8907
8080
9082
2685
5223
8894
7649
9531
6867
5046
1220
3745
5993
8752
5964
1763
7494
7623
1475
1801
6949
810
8145
161
6744
9392
7997
9087
1244
4167
3882
6406
8921
5581
2386
7675
9295
3350
2463
6580
5731
9173
8647
9827
7693
8475
231
8374
8667
5419
8892
5872
7134
1752
8357
3974
1662
2904
1756
9356
3950
6738
2237
9670
6437
3722
400
4763
1463
6703
7168
7517
5755
5337
2324
8161
5915
4448
7433
1061
1066
5814
6237
4372
2528
4867
8852
7258
8103
2876
9829
8554
8055
4841
8579
1415
6216
6836
8187
1359
6730
9953
9190
1780
8144
6770
6742
8359
7124
7719
3295
8677
3784
5226
4749
7282
4811
4857
5215
9662
8715
6934
6612
3163
4347
7590
533
2676
132
3891
4946
5777
6908
5487
2740
8269
9215
6200
7670
1913
7465
3494
1905
8078
6117
2360
715
5188
7966
2914
574
7616
3257
3132
9285
8529
2990
3887
892
6072
7403
4443
4331
4613
3290
2539
1287
8877
9229
149
5914
8939
5247
3275
3241
844
3663
8753
379
2829
6333
5058
2096
5312
2303
3548
4113
8433
3306
257
8134
702
9260
2646
6097
7899
8343
3718
7743
56
566
4866
273
3845
7153
7065
7601
7189
1173
4142
1892
3554
7393
7599
6787
8537
6800
5320
9279
7727
9649
2469
6501
1384
9291
5545
2784
3711
6143
7998
7943
5827
7470
7888
1301
3109
8695
3248
9171
373
6632
3057
2246
406
587
5241
4044
5268
6342
7506
5192
1144
4828
6689
5052
2119
2661
1268
6105
8581
7110
1223
603
2037
4804
141
6610
9989
2860
1425
6311
3650
4245
9435
8101
679
2274
5430
4544
1056
3958
3202
6594
4726
6661
8068
5384
8291
8499
3688
1912
4836
6180
9560
2410
7545
1479
4161
2762
2008
484
9272
7084
7200
1893
3385
937
2793
7945
1063
8904
7766
8676
5802
9973
2628
9152
6636
6426
9586
2268
4606
761
7881
4629
1987
1492
2837
1099
8796
3175
7989
5045
7709
1808
3890
9220
6549
7897
8317
6691
6618
7130
6728
3117
6994
8097
7863
6317
3442
1185
1518
9990
5971
18
9182
8158
1695
2222
9440
2129
2394
6116
2148
7493
5985
6276
1784
9130
8113
2618
6524
4183
6064
8483
9546
4707
4743
3863
436
1343
6717
1602
8470
3728
6070
5942
2228
8996
3777
5070
2079
516
2804
991
4627
2645
4890
4568
7759
5497
2995
1862
5718
1399
7681
2265
4076
2380
2639
3011
949
394
7467
3764
3653
586
9342
4117
3187
7911
9280
6663
1903
4413
2854
2226
7336
264
4057
9659
7158
3757
6570
8587
6579
9200
2657
2524
3553
4277
396
7756
5324
7226
9835
7961
1300
418
3835
4485
7317
8614
9160
8192
1715
2903
5999
2955
4956
1236
767
5256
7757
239
9205
2900
4356
8800
8896
5193
2629
9094
1206
7095
6244
7122
846
9265
4097
7415
2910
7566
8489
2414
4815
3180
2855
1483
1292
8126
4954
6702
2905
4508
760
9821
7484
6201
1138
8186
7120
2505
2828
738
3751
85
5924
7848
9367
5168
9207
9739
1285
6370
748
4666
4012
357
3466
6098
3824
8181
9641
3717
1837
4974
1958
7339
8024
2165
105
113
4160
447
4408
7292
9025
6193
7503
3655
780
4396
2366
4300
3164
8163
1538
3042
6812
9714
1751
8348
9123
4802
902
9325
1850
4069
3122
4115
6678
6080
8814
1052
1839
6782
8549
2737
2889
9074
3892
8491
7321
8106
5185
9921
7073
8784
1280
3231
8560
5856
6050
1109
2230
8748
6207
1732
9651
8971
9105
6094
1978
5885
4384
5132
2166
1759
5637
9026
5332
2208
9910
4082
9124
7592
7115
3525
1347
5085
7058
1778
9987
6755
3502
3265
2590
768
5669
1917
5189
4085
5484
6126
942
919
4595
2823
2786
6828
7381
3666
7843
7161
4578
4254
6198
1270
1909
5102
1797
8767
8651
6888
4616
9548
95
3407
2354
8477
1512
6959
8309
92
1939
471
60
3336
9048
7328
6184
6746
7436
6447
1700
5230
8456
1627
8827
5400
6015
9499
7255
8836
3217
594
3931
8668
2720
1452
2799
7650
4962
9366
5561
1594
2919
1531
2993
2179
3570
5834
1654
2930
2128
8351
6677
2606
5763
3080
6267
3598
559
7934
6308
5578
2430
983
9811
4528
8427
6454
3361
4906
1295
9551
6608
667
1825
4533
4961
851
4049
2278
3481
5038
6285
4601
9493
8423
6714
6322
886
4832
2883
5698
7311
7245
7667
6231
9882
2691
6884
8623
7224
3334
9306
1139
8114
5554
1777
118
697
2780
2235
2187
4332
3538
9788
6990
9766
7215
6909
2871
4353
8028
9142
6986
7960
8849
9090
5609
3103
8956
2116
2726
2071
9919
5845
4369
9794
5439
8447
6516
2859
2893
6548
2770
5557
138
2838
2517
9755
228
9501
5646
713
1711
3846
9592
7020
998
2003
1954
8535
8867
7578
9964
78
9820
722
9454
8839
7477
7313
2221
6421
464
575
2206
304
3019
4038
3512
2133
8548
8922
9504
5921
7651
4955
7076
5726
6432
1765
2895
3450
5434
2164
9055
9513
7842
8396
3691
9459
6217
4950
1378
2449
8340
6779
9024
9676
4972
3169
4873
6303
6418
5524
3416
4781
4239
7556
1248
5549
9858
4072
281
3498
1356
7701
3140
7789
7725
9388
9772
2863
7064
72
4385
2374
3286
3871
171
7555
6451
1053
460
3724
6196
2295
7015
6397
525
4273
2426
3055
8740
1755
6734
3449
4692
2379
1898
9078
4091
3736
8770
5453
4343
4603
1092
2351
5271
8124
4122
3712
2651
316
7318
6837
2056
2516
4084
8594
404
17
2913
1330
7740
898
5347
7428
381
1377
984
8168
4864
966
7416
1227
8165
5259
8954
7935
7312
8273
6185
4374
2301
9816
1748
828
306
7169
392
8588
1962
8992
209
7480
5565
7786
8806
5214
2738
3651
6803
8570
3536
4108
6458
4564
3010
2757
3232
8829
1451
4753
9481
4475
1934
4020
5799
8997
2032
6156
857
7148
3195
1219
7955
7191
3630
7679
2280
4176
3996
186
1387
3437
6757
1916
7486
9447
6373
3985
7841
9235
9884
2311
374
1517
2086
1510
7912
1459
6111
2998
3486
8388
109
9941
7221
3206
9971
6446
1363
413
6606
5035
184
1721
83
4256
6848
6857
9416
8776
9417
1684
7674
1297
2287
1872
2201
4722
2616
4376
135
5684
6374
5635
2795
3446
302
4087
2563
1899
6305
4031
771
8050
1366
9368
5630
5861
5811
4816
6869
5120
1876
320
2107
4543
540
3671
6586
2494
8858
8453
9587
248
2126
6314
7893
9687
6604
9060
6202
5877
1368
8686
6038
8716
863
823
3694
4667
9376
1400
4339
4945
3806
5279
309
6332
40
8802
1524
7411
9480
5636
7173
3590
8513
8171
1306
2115
7094
6592
3089
931
2009
2039
5402
2399
4192
6891
9379
2397
2310
6794
8217
7303
2135
7779
9177
5969
4918
6133
7509
1803
383
3058
5018
1772
2216
1094
7993
5418
8688
9791
7062
4798
7686
4934
576
5335
6617
5737
7408
6643
8191
4063
3620
8413
8166
9011
7004
7375
8330
5029
2241
2110
7577
9723
2810
8550
201
8497
4231
3291
8629
6284
6684
2692
2870
3098
195
9741
4785
827
2064
2574
5962
5708
4880
24
7858
5199
8694
9070
1205
2188
5591
6785
133
6561
7896
9912
797
573
2270
5945
5948
197
1370
2847
7784
8272
1154
1631
3962
550
5973
4679
1105
7447
6897
1601
9627
9797
8903
4712
4172
2329
3566
5869
3683
4004
8138
1308
6885
7199
9933
5245
7214
9789
9635
4683
8216
174
42
8622
9796
3624
432
7092
2927
2918
5906
6681
507
4922
6071
4659
4094
2026
1717
2548
5668
1528
6029
3856
7371
2671
8090
2797
6088
7738
2665
6266
4283
9145
5019
3619
4146
8830
3493
2924
8905
4699
461
2588
324
4190
7636
7438
6676
275
4187
3397
7010
31
1545
8127
8941
2184
8195
1591
5282
2626
1807
7072
9361
7864
2640
2211
8373
6199
1168
2978
6747
4447
3575
778
3957
2296
9236
1788
2603
3779
4991
5170
4529
4093
6460
3539
6953
4646
3116
5472
9118
4170
7142
9880
4734
9064
3606
5169
4022
5573
4716
8693
8722
673
346
674
9051
4386
1486
7706
3030
6765
9561
6490
8501
6139
9352
6630
9137
6016
6045
9298
5499
7002
2541
9611
8472
9925
7514
2438
4495
9628
2034
2147
5213
7516
2402
7924
5375
2798
562
2269
4911
2080
8281
210
6259
7437
3938
2257
2922
1447
996
1435
1897
1812
1177
8876
730
9406
7607
8735
8133
2735
3675
1718
8266
4807
6391
6218
8832
7396
3051
371
9034
3161
1537
662
2801
6013
6163
6801
7327
9149
4883
7461
8556
4378
4597
1708
3954
2764
5425
2853
7247
8445
1071
1578
4896
4921
8783
3697
8023
3400
4377
7498
5349
8919
1527
5321
6790
117
9909
5171
1379
9565
8509
1151
1952
2283
6069
4490
7937
8901
1072
2679
5707
4882
2323
5505
646
656
927
3038
1782
4272
9703
43
3796
3471
6919
7624
6376
8129
4876
8726
9381
5733
5306
3909
5818
1575
9521
6692
4050
8310
2213
1712
2743
5263
2550
4654
1856
1322
2120
1965
1341
4510
8105
7791
7795
2247
2713
226
3886
4563
2886
4234
9056
8874
4128
4046
1246
4015
4951
8705
4298
7613
6024
4326
5710
4370
2538
9248
6864
7633
901
7926
8891
8855
7034
8601
9747
1696
7770
1123
3900
4264
4944
9930
4225
9408
9717
6161
8473
899
5254
7528
9469
5370
3875
7546
2621
8448
5511
8947
5989
5237
7946
3625
4116
6503
1649
455
2260
7625
9618
1946
229
9002
1673
1647
1255
7370
4521
4311
6883
2067
4210
6928
8349
8582
2405
8632
3913
4305
2174
6543
7574
9226
8709
5506
7565
9333
7026
3932
9294
7732
9015
3628
4284
3289
4570
6453
1691
4472
9701
9643
9261
8711
8047
5399
5639
3408
4767
5835
6326
8082
975
7643
2291
8751
4006
3949
5207
430
6327
3513
798
2176
7988
5354
8917
1851
5673
465
5742
3594
6076
1572
2103
5061
4942
9209
8314
5886
3390
4237
1523
4242
2415
9353
7243
9503
1324
4853
7361
3880
1208
4649
9335
8811
7796
6551
3255
9354
8655
3454
4768
9647
7844
1750
3888
9175
3404
3501
1726
8492
5220
8006
3064
1193
8543
147
9675
7892
530
2568
6550
5501
4750
4178
4519
5936
3167
7726
685
9386
6462
8254
6525
7865
6924
5536
5773
3967
1570
5966
5417
618
3499
6526
1070
3998
7242
30
805
36
3451
8533
5918
9762
1760
8542
8798
3456
48
9102
1083
5657
820
5274
7672
8609
2642
9310
5317
6985
1277
6435
2684
3991
4316
1757
2668
1051
9631
7903
1840
7755
348
1167
7838
225
1191
3115
3031
4680
463
3154
8595
7525
4993
1231
4471
4893
788
4437
5769
8322
4492
2702
2143
6375
3330
9259
8895
8054
8014
4796
7697
8479
1582
7618
1189
4235
707
4480
4525
4783
7090
451
4073
4179
2787
8684
2609
3963
6514
5642
2309
1242
934
8885
7482
6002
2529
9934
5366
1854
3865
1569
9626
1690
5927
9399
4104
1182
8813
6766
9396
2728
338
1065
9338
2361
7866
7488
8945
4949
5850
842
8037
803
483
3782
8498
5767
5146
6049
6142
4553
1536
5090
3168
9271
4138
590
9336
4829
3878
8297
4854
6974
7995
9274
2097
2687
157
4450
9977
3332
2542
2377
8095
9804
6686
8253
6918
453
6077
9468
2196
2641
8884
9184
5655
7036
3874
4958
7594
6948
3319
9822
1686
8004
1282
9702
8061
2923
9476
7172
3940
4641
8065
4752
8933
7338
4761
4047
4140
5285
802
6203
8204
4747
939
9881
7239
7704
9168
2884
6563
508
35
1996
3333
4814
1558
9709
333
9240
6239
811
9081
5155
9644
5809
6151
3679
1437
752
4027
6975
419
8089
1968
8742
2070
2308
9775
8394
5062
1276
8346
8955
6040
9657
5905
3682
2921
1623
5848
7395
361
6510
7721
3735
6162
3654
6361
6813
8910
9075
4319
4670
1204
5334
2525
5751
8603
9743
9405
2043
6023
4800
3233
5111
1129
9745
409
5514
8062
8721
3260
7487
1736
1068
1333
4058
5174
9297
1098
7222
3589
5040
7511
8361
8991
6386
9562
7712
6084
965
7611
1955
1136
7266
5517
106
4651
3990
4621