33230
54219
59147
835421
86362
54241
12513
743951
20839
36432
5499
77905
72872
20108
30581
39422
81068
18425
95225
90707
85842
230696
24078
74896
658154
16972
23670
18722
596267
77036
80489
212883
16330
32740
2483
30076
86330
903029
6779
63750
57733
47882
757214
14111
164326
906172
911732
988265
43393
239996
727273
71824
861246
37499
98780
705292
705039
882739
609398
851040
868775
13499
78906
99364
32424
454185
221387
43664
29686
39658
17960
53449
33624
771708
73282
92478
72609
52894
85017
107903
928047
89930
43284
833261
60080
642476
44699
367234
19575
61619
25923
21889
895652
75227
520975
320682
4112
30091
458344
10662
54512
71344
489300
784313
262877
77464
71976
75393
204765
92128
21040
749942
404009
580679
12096
8305
84982
90432
26178
37821
29112
6131
12616
14
81135
82570
51222
30168
88492
84787
439
93184
972515
66055
62276
49209
86940
6995
44426
570762
304509
17342
63513
79198
46042
52947
170
964070
98341
33584
92485
97226
59137
2971
37368
980175
49350
83405
76185
64215
56432
97168
678258
77227
49007
985041
94183
49797
371474
106260
236831
64149
190453
34973
24934
56289
19027
95987
15121
83302
44962
98761
1443
47070
37973
349786
93619
328645
88768
27500
42163
58823
30698
981361
38791
39041
332846
58492
632150
482496
10448
673026
88725
48234
682144
69568
722898
53541
991729
84564
23465
43782
28665
51289
32780
97877
68765
518190
355084
3642
59792
348005
66660
56197
32631
207853
91884
10501
35193
96214
6739
88105
335926
605115
59735
54959
92921
59577
21267
20808
55875
99121
44146
65282
38072
38025
41262
574049
25479
42548
47686
60414
72073
701635
23306
69333
349753
68681
15664
338101
2750
80043
51697
143467
16186
34000
651783
47768
391529
721064
18551
102893
9590
48380
78911
57634
77215
45873
4554
74492
66331
46787
76434
95360
22
870913
30194
88877
262744
9459
650077
34410
99338
65403
64150
520643
594382
575393
50231
132420
535951
39016
51501
457634
97566
88468
92388
63379
38483
71463
33478
38743
14511
750823
31165
73761
96291
99656
91414
42055
28363
22379
222281
838919
214589
82513
60416
84727
4984
92618
45183
597525
41291
19874
25564
30664
327814
2576
63448
611369
98357
81330
28085
14655
69229
96614
56091
261685
21543
73157
87865
72362
43580
830113
266217
58556
15225
25574
78332
210456
233438
38591
53538
22731
37219
15023
36683
986690
74496
112613
64161
559319
13563
79398
94694
66430
89184
52841
39083
719135
716987
28034
64604
15624
80388
175507
86302
158685
453084
68176
761213
68201
16135
97172
400188
68816
770499
68749
32925
52007
11572
38675
61297
788975
414206
26598
6097
75030
967288
45681
60923
227595
61980
251419
88303
93006
76042
261379
40907
64251
90234
99750
140250
697
244922
244307
14342
72736
31338
449883
45051
51399
82878
717571
80737
27835
320770
39837
973622
38294
822088
21020
673491
765928
72291
51183
29173
94644
50871
300731
88145
45488
500471
8707
93138
88644
112662
583780
52739
98342
24032
31527
645578
67700
8217
12151
29023
10836
92850
980670
51524
87805
92717
62739
92009
662216
417849
17824
64464
865494
60258
69074
93434
396702
419251
317043
88156
94630
288731
255866
63573
37298
29118
50278
586819
13260
89837
21966
865288
14208
92255
69688
40683
16527
127466
29695
89253
118075
38796
60573
404180
376248
73268
17230
70669
348849
994184
987521
905969
14449
92443
457316
71614
146270
12661
81575
6605
31891
68204
70798
3325
932081
17753
78432
463569
92637
35880
28438
85917
81132
84695
1734
96571
33820
419675
336814
51863
49243
836154
56680
527091
276632
34402
65402
423188
767051
215431
1253
59169
358057
29538
232923
90783
358513
72446
28457
14118
88983
29355
225567
3018
747176
91417
63098
22876
6539
92985
633136
17409
77945
60041
93278
6569
52239
65565
65006
84592
634494
829254
67688
67672
27560
22270
31457
28982
68696
94106
2948
44942
95332
971890
964519
144268
775482
42370
888830
4300
931857
644587
370533
40533
60442
7116
10949
27076
501967
73207
363634
91449
2004
63270
777091
41694
21045
38045
88716
64898
893981
71645
11999
68543
833030
81670
76137
237734
11243
60198
22765
316428
91227
30237
21965
2891
256005
74498
15296
868102
57619
894719
98606
48364
23850
81121
23157
11495
59335
88911
43344
739396
61487
31014
51454
931370
188388
921858
98720
10103
842614
18331
582200
82023
78071
10843
535461
882696
18533
40684
637465
82015
87756
1246
246865
34964
41194
60232
54249
72888
94596
388447
15566
237904
86696
155536
64371
81073
119728
4760
4729
885881
426862
20868
52743
6669
30851
9018
64668
79110
204504
80663
26854
70989
77655
2351
70482
51528
496174
665208
23084
63834
345721
93353
155476
46190
558784
49516
39464
78983
4823
769290
83952
45634
327827
64099
81165
7026
145855
783247
24532
329973
80037
830064
954619
200701
9547
85703
89414
38016
49461
6928
20106
24575
50320
74374
957492
13547
52511
463051
26616
126054
219764
791432
68084
331735
44979
36136
363429
28255
914548
10654
55929
76556
44948
41940
60969
44574
21751
58667
588403
26283
69465
48225
944515
398381
84178
47532
79006
70428
733675
963230
9134
48609
95706
42051
610033
52417
61555
712517
53255
496616
60384
57195
54609
506447
48987
93991
973675
19080
93995
9749
769040
26658
64501
675767
10732
90152
62607
147948
450107
23711
631703
45251
542866
48548
508283
56089
77919
3317
424402
48302
574225
32379
902296
813082
61776
27618
68355
537701
899157
998368
284527
57284
68556
199111
30470
33008
76351
764412
31162
83821
49063
670341
75016
895166
2047
501577
31746
19395
35920
89680
60918
11075
282873
293721
59460
56125
472392
10645
725706
73949
16613
78380
45655
13099
17948
180160
89565
44102
204897
65555
44222
134663
82903
92337
517831
90037
442406
619754
768041
40751
93117
69856
27478
17597
272010
37721
99318
145328
59372
88075
18443
22830
850130
9173
77654
616688
554982
23394
621125
11816
31927
95033
816569
97695
93221
63654
53096
271160
15679
174302
62334
576774
663011
88608
6209
819804
521407
956082
33901
58392
88727
901055
50121
94457
94337
27446
79236
31227
31243
365292
1707
34928
31501
694774
35417
204730
246479
477869
69554
255171
47188
29496
765832
79819
72405
1873
78042
630673
72375
321204
208227
6834
22350
13382
249728
109839
342801
581432
890
91782
894307
24472
9247
256154
44141
854526
67313
959516
50283
234012
70056
33257
72301
234846
79186
93430
208048
22166
63080
80338
11337
98927
107696
406604
361132
64730
51378
56343
951663
88596
19757
49626
70882
677286
21594
170139
24524
784766
535451
29440
69468
83090
41659
48506
68363
62419
54526
809
87553
304745
85228
66635
61483
86791
42907
650724
789965
99311
28641
72582
36627
79822
20260
17639
566453
369887
36447
34739
361687
42161
81412
547515
26086
82320
44910
5486
833118
591222
411672
373236
92345
71574
61240
82606
42678
961209
770901
86209
72884
70154
61771
80969
153613
93140
8435
865845
95036
34047
44532
982124
52176
75713
94040
9029
97713
29406
92288
86103
123951
936474
492830
76328
3725
157323
6198
34363
65436
200096
85981
91524
78160
205077
25264
69071
72662
187244
97320
94500
265823
260329
908845
992824
60624
91490
75597
23629
13406
76747
54788
14298
790327
33400
25569
431863
13803
18126
459540
61686
32547
24106
124779
31919
34944
983527
830546
62431
183185
957058
59570
873951
76041
77168
8094
58502
18169
81473
834596
60984
66729
25751
19835
983052
471941
23179
11157
69501
3134
63470
46450
93268
45708
277190
771198
26800
3991
4065
544113
527221
897216
51266
85344
781508
425877
619139
152118
247348
242527
885234
973932
93847
138618
21588
29842
65489
93946
4608
12818
74557
61624
83118
151038
65217
66557
507850
38417
94619
76313
95677
71437
76965
817197
49497
23934
83044
219325
72240
36266
69311
67222
98208
97385
534660
235618
598343
23160
51277
192799
76986
38280
476406
18066
1177
43622
39653
76319
190890
405985
4113
70355
42297
32472
35456
30559
94294
354383
15790
800398
39066
62401
42648
43307
93494
85737
67198
91531
312477
34328
97740
12309
20104
20071
89892
39977
56061
201691
19535
700787
40419
291373
831098
624388
74930
48982
71896
991821
21765
61467
12853
800678
953351
48947
66104
5863
97332
34019
29588
131704
344847
85332
453585
17820
13347
524124
85323
575131
587107
622475
39416
9373
111323
599917
24322
24196
64436
25708
70244
43120
97122
97563
42968
34231
10264
81675
86100
12642
731020
39482
24599
62581
635808
77076
32121
34112
92496
98693
80448
3024
94102
79630
584151
79455
294700
71930
253215
98876
64953
7127
89050
93090
42185
45129
828
53009
626784
255852
75786
776098
956943
63107
89908
814368
76072
7442
529384
45955
127283
49903
173002
93010
728500
44282
133787
48483
304749
26092
23100
10346
92252
6434
88944
31324
92244
98363
486282
34030
483846
463596
776161
3809
30115
2268
364
32480
438761
52051
55456
30428
34513
15744
97347
98249
79924
81877
26212
48082
35023
23862
28995
63788
36915
55579
449539
55632
426048
4767
98598
85592
93446
139270
37154
845556
93350
25396
97774
32514
41890
45338
96670
19732
916291
277244
650685
18720
293595
300443
90503
94647
16792
4547
51628
96930
65824
38131
316578
87707
95189
89920
8042
638510
21909
43543
68724
6208
578942
67216
68279
34020
45871
44421
47154
51650
379154
177726
904404
63514
10860
395722
76573
989030
471295
74740
52563
817522
31657
31840
95819
90278
949569
546940
319078
97764
51865
8657
73243
99485
42079
35453
59599
35298
60015
70997
106699
93886
378525
265601
5288
975542
20751
957232
9671
62691
29205
550144
85054
5683
64532
87847
339223
64334
57688
533011
304596
3366
62943
975645
93135
859931
888450
263440
18092
96373
220049
365312
87117
76519
928592
53617
9095
23112
88700
23708
16349
138113
89427
12336
106794
93533
284116
17036
368134
73664
700636
89467
56072
64561
36964
97612
8221
19579
990400
16303
9451
94330
94024
640823
37118
372235
16895
82954
79391
15529
609307
74226
609248
711027
378639
99663
30107
565734
81887
93526
62202
71954
248323
2067
60466
126466
919702
131114
98281
684419
65671
14410
938566
61331
56957
24273
417394
620600
42379
105354
67757
6689
22197
82402
8
448018
35850
73456
643523
17664
556769
52659
63139
645067
22471
91623
195991
485227
718448
523944
39466
54715
91364
78113
23808
19738
274622
88350
27016
40675
86713
95684
110999
407606
6849
97482
61025
79168
46593
66800
70420
5037
798604
205455
791810
90569
57665
32281
49373
65725
30662
44008
90409
67603
82768
24782
832573
237978
13424
41751
15315
77463
144282
7050
91536
27842
67937
47096
562756
7202
615532
554276
955943
30797
93499
8336
8556
82158
49536
95536
99906
655715
43761
49091
18909
94737
51462
797667
77115
372831
85671
10256
10213
655220
81036
92895
66072
90828
804737
712618
19439
85903
783783
59264
30376
56275
48907
70229
15071
76848
38154
40869
855320
71296
8867
48584
46719
84126
57839
31518
151496
484891
83666
32538
10228
40891
29438
36483
26238
625720
33101
5511
67218
52840
44491
58537
92640
57479
50874
837030
46332
816264
87495
33731
18979
67960
853901
66653
84255
13551
60960
753350
96241
34517
56901
84268
63971
55001
12279
99841
231076
92486
23317
39947
6562
30838
195058
61230
302980
31599
804126
579255
210235
51834
29751
98980
93435
85780
84097
866355
7169
234373
55510
9374
432126
448504
767623
849405
87255
33376
60349
24757
20225
15393
24598
83652
64263
16200
85479
32752
631397
50563
519402
66448
119740
864486
205830
24118
780818
95108
969840
834022
53770
845471
58402
54903
14011
41787
36492
62928
32190
985786
135588
54640
84567
57979
770751
66481
56223
31709
464600
96313
887646
32956
30615
56718
63333
69998
38249
79730
662
15264
48230
39034
81104
94721
21586
2782
5444
43138
13636
612845
711558
186314
38729
353027
232037
80623
709854
45625
506818
64037
41907
87169
18505
323135
930809
748593
70075
22318
77782
11693
766809
527024
20783
670520
96732
4232
643444
11811
359935
786219
47275
4697
348032
653206
97050
69181
540007
877209
86893
65338
48560
39063
27789
880884
65104
145377
98010
14429
83386
59621
54603
137
578482
20093
29869
754234
12141
12963
2103
42253
80926
24743
207127
2744
159302
524176
2559
35915
625977
75364
773897
67615
175477
50723
30588
42488
252434
21931
668815
69193
66046
13605
59441
50474
25321
75100
543737
18651
87130
86116
16931
26538
50276
13697
167623
750758
96327
695462
57709
470102
921705
823153
4380
75689
87236
974229
77220
70837
6898
259888
81329
42617
67609
73730
114743
27875
94806
31323
512375
91635
87988
752614
25918
12723
357474
63395
49830
802253
52812
361424
391880
556748
28978
98461
779325
19873
26574
68131
29720
738474
849442
33761
435588
463289
280016
17248
36917
46392
1071
12951
14891
54300
71794
31450
87096
87501
88104
90355
42646
99134
313508
206369
181
99231
606207
85233
338962
207563
736122
79451
967996
848962
10416
314632
51595
665588
552444
677239
572473
60676
176509
49378
75365
71216
506182
3871
75366
86031
703240
89449
64268
20977
36275
636278
20855
20271
15344
70813
7743
78302
57984
40274
75839
767994
35918
540669
62633
57462
83447
61510
30887
977866
5245
61369
57620
59414
17493
224576
336723
28961
713840
431712
37475
790105
113334
99557
400860
1047
619316
30331
80538
135036
710084
81562
373
7461
256944
896249
54947
69408
73600
867402
68903
590280
251023
26390
21970
60705
73264
81012
4605
380793
89206
62736
22293
936145
40559
905355
826097
167054
83425
96341
38669
46804
229079
132052
746854
6445
173028
620775
74287
8786
47770
13266
15278
51317
99196
86206
70699
58003
64232
65930
951999
61178
69248
61963
59816
13012
431774
76139
40693
35871
60626
526058
473354
435410
53892
34674
47838
126277
56846
30609
71593
24911
80410
204344
23388
66074
73223
80295
37043
384743
810
32901
791422
353520
33503
58478
36374
1949
68978
62520
74002
766427
20475
620162
4090
251924
17972
184201
788616
535211
567369
881840
75717
782304
81861
803034
7972
56531
61162
41512
83678
53975
85626
5819
58566
17237
79056
15123
43655
168502
97160
89196
11877
594307
66202
237065
226337
513089
63498
983248
7447
15375
64075
929175
55767
46309
767719
98768
77792
52340
43123
39605
785364
5456
34525
47519
78576
11887
455014
69832
2392
68631
468646
84334
91914
15178
35838
295327
60438
86430
575719
151937
98115
57147
682342
24059
745623
153853
84154
641843
452597
94533
62981
731783
82604
423960
42593
16106
52614
13230
29974
99984
94706
90543
38671
40838
43339
445552
96369
84967
38038
7765
49042
62740
79797
575936
4454
26006
487473
88681
3294
35555
20903
384044
17246
39798
10699
94880
22608
244127
26845
55689
277422
683480
71080
20818
35333
322511
172888
18709
134885
746629
42391
25155
71696
413260
50859
97924
384767
53849
88913
99108
63273
55855
20673
952183
92018
94895
43323
26424
3654
75711
19194
497618
73582
5326
22880
98424
82491
517528
91309
187171
78840
51658
58486
51823
91582
778094
198885
62300
43744
38262
81184
716835
32569
149825
886438
313552
83265
1931
108224
66925
82528
12514
66305
64989
786627
99811
7827
550922
66163
11994
534079
84101
33475
73315
767686
8834
41404
57882
65742
126131
27200
99271
865515
56523
615616
403636
98546
647142
16640
62761
24504
12120
735114
18789
37415
932294
43826
8003
13020
695997
38404
69751
52061
17935
13026
33791
86960
645815
284473
36343
49044
794989
7858
89364
94940
294337
483421
68536
927621
110
48054
9707
27553
58072
60233
54969
91881
380458
880488
28207
35262
85499
92906
88565
846264
84156
688087
356858
33408
12061
6359
76797
39685
16953
46022
80724
17446
219200
438783
67372
484476
92661
43774
61705
7157
303155
36779
572983
676044
14547
13467
53913
599980
92880
179817
91797
615659
8861
2478
589606
5734
24650
963780
14708
829408
77306
593852
63349
16713
560810
7339
73152
84786
79723
65585
88551
952248
66148
20459
40738
75488
54740
989477
77973
133328
519922
43768
26226
511689
73461
40829
715
100915
99740
20331
273771
16742
323215
72693
61633
38506
5714
51520
71092
98232
94469
431388
854487
63382
231495
776366
81789
83409
11210
39206
351279
75397
463454
949562
3791
777185
95520
8267
30957
3149
44760
31568
89423
43241
68144
49600
78939
430132
89411
48858
651533
88170
69451
41473
94670
23611
73493
11473
16144
93119
929155
723352
7429
74558
84750
50293
20027
1140
584523
664385
68008
53945
49982
64176
626891
4217
40289
755360
161336
14267
13694
338933
23679
82919
811387
872535
49332
14567
74529
575168
75558
441246
670222
13242
735328
59554
26785
30398
71699
47273
58633
329546
63652
65965
85802
84247
19534
62885
30146
694941
84393
3302
519026
70073
79711
49301
67328
73685
54625
223392
630800
854941
46128
89376
542596
575361
44898
51025
481651
15350
66102
63984
29221
401173
78313
297542
81160
60270
190576
483696
10588
294983
675239
410449
50829
926149
98303
181820
89190
31616
22362
7839
90444
109925
21595
31603
45208
308622
15339
35435
713876
96641
133145
82953
59389
319670
145488
895890
863678
79756
33267
957616
23655
475317
95031
21737
98196
41655
2935
28731
68808
52277
42561
74166
61924
81634
880608
335631
915918
41534
7476
30048
23521
560056
19931
41189
16881
42605
68678
44727
67720
86709
556508
92500
96311
12159
81010
25097
754784
3621
47596
55675
117865
288
75541
12448
75842
47842
406148
386475
677149
829
649402
60630
716072
723853
98918
33317
52533
99771
84666
710374
131447
71542
52975
85415
61462
621261
813037
95717
28284
68127
813018
246848
243334
46779
1524
897874
555627
96091
65207
94076
11238
553704
45195
20075
75761
8757
4538
362107
730003
804460
337250
43696
52775
24850
25528
16254
83025
58257
215150
350874
9592
369565
920895
738341
74470
896964
85449
53622
37287
89051
76191
12985
226674
227746
61097
18221
49937
61373
84024
22230
798379
69726
170561
34887
62148
170123
765165
83005
386741
33606
58958
580944
485089
46216
287666
84225
96477
53733
78361
948114
96734
993366
37665
586674
94087
7304
37977
79591
68109
66836
40537
62348
33591
440155
86185
33453
93523
11843
91990
67278
384258
341665
41176
86535
261050
876144
53613
89590
820116
88549
977841
310078
68124
12071
80995
79534
73444
59849
57954
99236
29327
58854
69870
15164
19728
40649
620372
57639
325017
28540
42357
71690
11086
40354
8165
90627
655904
52939
85045
75206
856204
9263
97305
817756
67043
446742
40196
99693
4234
63156
40427
22881
40711
401070
625
42831
38352
605230
425552
93920
637461
40664
50296
715141
59273
94368
57950
36142
32751
7691
572486
795615
89735
456
40280
92796
388882
830206
659991
53304
48643
496749
91141
7379
956539
14785
44136
61420
34840
17692
92383
680912
36569
94623
27234
97266
956754
28839
879018
28341
55070
4297
61356
28253
55550
282163
14145
98318
9297
364788
23887
47182
18694
78780
931359
58929
24065
16889
475001
519048
345524
846321
58645
78970
98817
31595
2720
107833
78219
648827
120082
47568
61706
55668
85796
63140
806161
57172
45668
35204
22111
86772
90753
832915
9897
80726
45551
57367
49616
62863
3353
592501
66847
77711
70267
61388
94520
738549
43735
25636
15577
63637
90507
170474
86548
88643
839488
561924
68332
311344
11069
454
89600
76084
6859
27220
35921
48205
91599
54202
30566
49575
401863
330695
69586
93110
90400
71989
76045
67002
784149
21988
74746
76794
54995
23074
35647
10756
65588
5539
866427
585229
636082
80010
30071
60427
96679
6371
844037
25718
21717
76593
326815
25580
58608
66730
976403