90444
82953
18722
88492
76848
65436
7442
34231
92337
81068
31891
38669
7839
15225
51628
14011
65588
15350
8556
16742
96313
43826
97226
22350
63382
60270
19873
13803
17446
44426
28978
37368
30588
67720
51454
24599
54947
77973
69193
31501
31457
18331
12279
39041
42163
36483
35915
21040
32190
66055
28995
6371
29751
23100
79822
60349
49516
57839
1873
79110
84097
85903
60705
96311
65671
76139
67218
28034
47568
85703
78113
43622
95717
32424
33267
33257
28839
86185
73152
93434
58566
31243
47273
12661
27500
61388
44008
24934
61963
63080
13636
13242
87756
31338
50283
29869
61230
94106
57367
14145
52061
5511
9707
75488
16106
6569
97740
7026
2720
19080
50320
26854
35918
25097
34000
74470
94880
27200
68678
41751
48364
20673
73315
2559
41262
66729
95332
10213
64532
66102
75030
84750
34928
7972
62691
34047
89908
18092
4697
68978
41176
67757
45551
35456
9263
32379
50276
90037
67615
84101
75786
42357
94895
2782
19728
58003
47838
69586
43580
20475
13020
87117
68144
61633
48560
54249
25569
46190
38280
67043
81861
73685
77215
39798
94040
13099
99740
73600
76965
110
30115
91599
95360
85592
20839
33584
71463
12071
90152
60384
31603
64730
18720
79451
78361
68808
56957
93006
50563
59372
20868
3642
82878
91309
28982
42831
24273
70997
77945
26283
78380
70798
16144
96327
15278
97122
73282
41194
91635
71896
62202
6198
56901
67278
87096
11994
73264
18789
22731
36142
81575
79006
93090
25708
85479
22880
9247
60626
87236
88145
29440
94694
9547
22379
63652
697
92388
67603
60427
22230
13605
83952
93523
80037
16792
68631
99108
85017
42968
24782
72073
71645
51697
42605
58072
15664
76986
99121
80623
58854
29406
43744
62276
94647
63107
37721
38072
12336
45338
54995
81329
7858
20977
40196
829
55929
46309
20093
85917
47188
11157
32901
52743
85780
98342
10732
55001
57195
19835
67328
89196
6689
61373
6739
68536
32514
86031
25751
62520
17972
4823
24598
16527
51378
91881
94294
21020
49243
28665
76794
55456
85054
23862
16640
63637
88768
63513
86791
66163
29112
76797
56846
41787
23850
1047
22197
83821
95225
82320
36915
11887
84567
73223
17692
84786
18979
70989
33791
70355
8
34030
58667
97774
89449
92500
45195
27234
36136
62148
3725
22318
80726
68084
89050
40280
57462
57709
66202
51863
30331
17664
26390
40838
89930
16613
99196
74287
72736
3302
67372
72375
93920
88911
31709
73207
23808
49209
23157
61487
75227
33408
36492
16713
60414
99311
57979
65824
37821
71296
12853
28438
33503
27835
44146
24650
15393
25528
64436
87847
84967
19439
69856
91582
7202
94706
26226
28540
39016
4065
14708
52775
43241
89590
96369
98461
89414
8861
61178
364
9173
23934
92485
39658
79398
79723
76191
51183
12514
61369
60080
27446
13347
43123
19579
90355
11877
80995
56061
93119
36447
30398
54202
94469
14785
8217
15375
16254
99485
59137
5499
37118
66653
15624
7339
3294
39605
9592
30609
90753
38294
22166
7743
48225
63333
8834
83386
13026
94500
54740
49982
85671
456
26238
8867
80737
92486
19395
98720
79797
99236
52739
68124
13563
41534
72301
81877
18505
31227
80926
63156
21751
85449
45871
26212
63140
11243
86940
66074
77919
90409
38591
59460
59621
4767
35333
23388
26845
89600
53913
88104
29023
53304
8221
98318
39837
55550
91884
81412
47770
88075
88700
22270
3149
14111
90707
97695
20027
53892
8165
63470
73157
57733
56223
32281
9095
74557
38045
30237
76351
76434
53009
92895
30797
19535
17820
39422
98196
28731
40537
61776
81012
79391
16330
52511
79534
20225
68724
64232
12061
81010
1140
24524
59554
75842
64215
60630
52007
95684
94630
86548
82528
7476
60258
48054
95033
40738
40829
68696
91623
41404
44141
49830
18651
17597
46787
69468
68176
10756
68355
70056
43393
45625
15577
66331
69333
79819
7304
55767
83405
15178
2004
54300
4380
8786
82158
80489
52894
57284
46392
16889
63139
80538
3353
454
34020
11075
26598
23629
7169
68556
78840
23887
59735
80448
86302
6445
68816
18126
42678
30662
85499
48380
23465
66635
22362
20106
38038
48230
51266
24575
48082
71080
86206
80338
75100
50871
30376
66305
37475
80663
44421
39482
63750
51289
29842
57984
52533
72609
90507
33820
37043
78970
4547
14511
65585
60041
62581
75016
66072
12141
77168
53541
59389
15123
70073
74498
93353
91782
1707
73493
28363
33475
59273
36275
49616
33400
75366
23317
44532
67937
85344
87130
3018
48609
44491
45208
24743
24532
63654
56091
57950
77306
79198
99231
40683
89680
9297
92640
67222
25636
46128
82570
42561
63514
67198
94596
42379
26538
64176
71824
7127
60438
88551
26800
35921
20108
33230
26006
3024
53449
38671
24118
18909
61356
47070
53255
69554
61025
78042
21988
83678
32752
77464
81184
2935
98363
18694
15296
10662
92921
62863
95108
17753
33761
79924
99771
94457
14567
54526
91417
94619
49461
61420
4217
88596
19931
40693
7050
67216
74226
74896
13467
24065
11495
88725
78432
92618
11811
49903
85323
47842
98768
51520
51462
63498
74746
76747
96614
88716
81789
59441
42648
3791
64501
55070
40427
42051
36683
61240
10645
52659
91531
50121
55579
34973
20903
64953
86772
10949
33008
46022
23521
92252
34517
57620
29686
23711
69465
21045
7379
76041
3991
58486
1071
72884
715
2478
34019
85981
42161
50859
42593
63573
61924
58823
18533
90278
77792
84154
58645
10588
24757
43284
14342
82768
71699
69229
4300
48858
91364
42907
94533
6359
75839
35204
16200
49350
52417
59147
43768
43782
53945
32480
47519
6209
60918
21717
94183
27478
12642
29588
89253
39416
52614
170
62761
85802
98598
92383
82513
18066
38796
43735
8094
88170
78332
88350
15790
47096
82604
75689
35850
4984
97050
98303
94940
70267
59599
42297
75597
44102
98927
39066
91536
93494
84255
28207
58608
69451
87495
7691
48205
86535
86209
90503
98980
17639
16186
17230
4454
38675
49301
25321
890
92850
69501
8707
36964
6898
18709
32780
49626
83652
46332
15121
62348
2750
13424
9749
84393
76137
54969
11999
68363
48548
62300
38417
49937
64604
70813
84982
6434
94806
77905
86100
29974
94670
74740
34328
60233
46216
11210
81473
53733
24106
54219
41655
76319
52277
83447
47182
49332
17948
66557
20751
48234
94721
85796
13382
40684
90627
70837
3134
662
71344
32121
61467
25580
61980
19194
80410
76328
91490
49044
96291
97172
61097
68109
58929
80969
77654
75717
53617
38743
46719
49497
21543
32631
2067
46042
59570
65742
21765
98546
3317
13012
92796
40649
29221
38016
27076
36917
63984
35920
43344
54625
98817
48947
69751
72662
21737
12985
50231
38154
38791
36266
21970
24196
49063
28085
54715
30615
22
43120
99811
93991
12616
4090
34410
31518
95189
33478
81165
81670
65965
60676
45681
98424
57688
75206
76556
69568
44727
92637
80295
49378
97160
43307
57172
65006
67609
15264
77782
25918
39063
29720
61705
28961
93184
52563
30428
92880
80010
98780
96341
91797
32472
94644
54603
60416
64037
77227
81073
1177
42055
40675
95819
86116
59577
44898
63273
72240
71690
92345
30957
35871
11473
98606
64371
97385
5819
10836
93221
15529
86709
4605
96734
11843
91227
61619
80388
77036
71954
19757
37665
44760
38025
31657
86103
93946
8435
58958
9018
13694
94368
81634
68903
20075
91141
88565
34402
51524
52812
62736
56680
98693
21588
86713
37287
46804
56072
79711
62419
82919
65282
17493
67002
14267
45873
38352
20271
39464
6669
93350
19738
24850
60442
37154
63834
44942
74930
38262
12963
29327
1524
96373
17935
31324
2948
64464
83118
94102
43323
66481
32569
84178
2744
51399
17409
59264
84787
13697
21595
51277
86330
25923
10860
8305
93499
84695
85842
71216
56718
60015
69998
43339
66046
373
22830
6562
181
44699
29118
26658
14547
84334
43543
14118
12120
78313
93010
97877
97924
6605
4554
68131
71614
88643
62334
28253
12159
27789
66925
92255
62928
51823
50723
40419
20331
18221
58478
75365
66448
77220
92128
62607
21909
10448
78780
9451
78983
71976
41473
20808
95706
89837
7116
51222
30194
67672
93117
38729
51834
62739
89376
53538
15023
85415
88303
97482
27842
95036
80724
35435
97320
5539
93110
60624
70229
52841
68543
3621
31616
58392
60573
31323
82402
54959
68204
10256
7429
17960
99841
52947
78911
64334
30838
73461
48987
53770
66836
69071
6208
38483
26616
89190
78576
32751
8003
99663
55632
63448
39034
52051
34513
89467
64075
64251
88727
60198
40289
5245
13551
87501
93619
98761
70669
20818
43774
73730
28457
44948
47275
64099
65402
85233
35193
26092
89206
15071
60984
37415
2103
17036
88681
86893
79236
1931
15344
73949
57619
65217
69311
45488
19732
90432
88913
31165
828
54903
47596
13230
47532
89184
45183
89565
810
46779
61624
87169
97563
20783
65555
40891
93526
1443
83265
36374
29355
93886
91524
58537
93268
5734
10346
24472
62740
27875
21931
71989
33591
46450
80043
94337
56089
24078
61771
69074
83666
19534
22111
81135
99557
81160
99134
88944
57882
57634
23179
98208
30168
53622
74529
92443
51501
63379
34739
30566
31595
22608
15679
28255
83005
15339
49536
16135
95031
96571
50874
71437
58502
82954
29538
2351
66847
10699
76072
25264
32547
26424
26785
60960
83425
76042
31014
95987
47154
99693
48584
27220
22293
93533
78160
48643
74558
56343
88549
84592
33606
32538
27560
87988
33624
83302
62943
99984
30091
79186
35023
96670
6849
61162
7765
39977
6097
97347
6928
12448
75713
68332
76084
28641
62431
72405
61555
67960
67313
83044
65489
65338
77115
71574
2483
2268
27553
77711
55675
44979
12151
42548
66430
45668
56275
288
30559
87255
70882
53096
1253
40907
7157
16953
76573
51658
54241
64263
21267
79756
5714
12513
42488
45051
42079
98357
33317
51528
14891
49091
31162
8267
29438
25718
84727
5486
65565
73761
625
70420
45955
57954
92717
1734
82023
72291
26086
20071
69248
16303
30851
84666
64989
41940
3809
59792
40869
31840
14208
38249
19575
90569
84268
82015
40533
72872
22881
47882
66104
7447
16895
23306
69726
61297
10103
23394
76185
94520
92478
11238
44136
5288
89411
30698
56432
7461
24911
91914
46593
61331
70075
96679
73582
71542
40559
72888
6859
17248
36432
96641
50296
72362
37973
69870
61706
4608
66800
54788
70244
2392
13547
79591
40711
11572
30107
35880
94623
45634
56197
95677
42185
57147
98341
14410
56531
23708
69181
38131
49373
44910
8042
75393
57479
58556
79168
23670
35262
97764
65930
4538
33731
68201
4112
55668
56125
31919
23112
91414
24032
55689
52340
21966
16972
78219
29695
56289
64149
72446
92244
31746
49575
34887
96930
5863
75558
61510
63788
91990
74166
88156
93435
86430
63395
5456
84247
73456
68681
98876
25574
75711
3654
67700
65725
84156
50829
39685
86960
52975
47768
25155
75761
75541
33101
48506
74002
65207
90828
15315
64898
17824
98232
11816
8657
99656
83409
86362
16931
21586
3871
48982
96091
52239
69688
9590
74374
73243
35298
34363
57639
59335
35555
58492
62981
34964
4113
43655
93430
63971
85332
17246
70428
63349
32740
90400
31527
78939
1246
83090
95536
68765
82606
90543
19874
94087
30071
10228
66660
10264
30048
30581
29205
74492
21965
34944
99906
78906
36779
77655
82903
71794
97305
87707
41890
23655
68008
74496
34112
97168
49797
39083
94076
98918
37219
48483
9134
68127
94330
78071
45129
85626
13260
41694
93140
64668
11086
64268
88877
34674
33453
52939
50474
32925
14449
6131
73268
56523
76593
35838
60232
79455
92661
6779
93995
12723
71593
53613
12309
63270
81330
66730
35647
87865
78302
60466
55510
12818
42391
84024
6539
41659
61686
23611
67688
57665
85228
809
81104
36343
15566
76519
93135
40354
96214
92018
71092
65403
89051
73444
4234
23679
27618
17237
14655
81036
92906
99750
25479
31450
16349
43696
2576
3325
41291
64161
28341
75364
1949
38506
24322
68279
88644
51317
43138
9897
36569
44574
29496
5444
15164
4297
37499
90234
53849
40751
26178
37298
24504
6995
59849
87805
18551
86696
34840
11069
3366
18169
94024
20855
71696
93446
21594
9459
72582
70482
44222
71930
42617
84225
23074
21889
88468
10501
85737
96477
61483
9029
59414
23084
55855
30146
42646
92496
55875
40274
41512
81121
84564
77463
41907
24059
50278
88105
89892
39206
30076
54640
77076
97713
64150
97332
43664
99364
4760
70154
49600
49007
22765
92985
35453
4729
81562
59816
72693
31599
38404
14
92288
88983
28284
14298
70699
61462
22876
4232
51025
89735
45251
48907
81132
99338
97612
42370
20260
20104
15744
13406
75397
50293
51595
48302
31927
26574
88608
19027
27016
58402
54609
5037
52176
23160
79730
89423
32956
98249
45655
82491
17342
98010
16881
42253
65104
91449
11337
68749
40664
93138
59169
39466
47686
76045
37977
43761
18425
85045
39653
64561
44962
84126
137
53975
98115
34525
79630
89920
12951
63098
13499
87553
60969
60923
90783
97566
11693
9671
99271
62401
44282
30887
14429
20459
62885
58257
69832
73664
9374
92009
98281
10654
89364
51650
5683
69408
22471
97266
89427
10416
2891
66148
2971
94737
54512
10843
36627
35417
83025
41189
96241
25396
95520
6834
76313
93278
52840
81675
12096
39947
31568
8757
7827
49042
8336
30664
62633
58633
81887
18443
33901
30470
96732
25564
99318
29173
2047
93847
45708
5326
9373
33376
79056
439
13266
51865
25433
24886
45426
45569
85766
49871
65286
63174
26641
28356
17211
58568
17549
45572
84158
81312
26975
5217
40463
73653
33457
49946
62085
41492
65974
72252
34324
11132
36547
18932
25732
40798
14469
44932
21171
79239
6074
75619
23704
41853
46225
48644
25138
97445
83299
35014
5371
59376
845
37037
25874
6674
22220
97034
95667
30672
22879
8233
81325
20240
67899
5203
66180
71978
98947
82586
92893
10166
51219
49688
12086
74938
96741
64571
41653
47866
74617
33398
93917
33436
20518
84605
1449
13127
20781
43903
32503
10099
86008
9583
51346
94732
62496
24468
27930
78920
52151
46464
85302
97788
30087
38988
78231
48168
98735
55818
88369
92527
21003
13727
88078
93098
65185
22050
36957
89950
81446
30246
54117
70871
8569
78269
82733
80561
40494
81804
16863
70765
67683
47108
68587
39879
23383
97488
95730
90935
64482
84463
17387
48784
58761
19941
66417
46639
7187
27653
47274
90961
11606
56994
87744
53889
44513
53585
83924
16962
27763
61033
75406
74584
74018
65352
64362
96957
83321
19877
11637
4311
77324
95186
49786
89329
1761
57943
90527
53746
28199
17997
15198
96185
69512
15273
44032
62274
34577
45041
1602
42013
3829
57963
26806
59865
53007
50325
52344
9753
99050
82885
65561
75935
37277
84808
56043
26342
7990
71788
15411
23246
92923
88357
1484
14566
82452
5970
78892
33173
89710
51171
63829
71339
72499
38542
77871
28554
95473
21073
86905
93046
94625
15827
25982
22333
31703
81749
43839
55072
29455
57130
49496
83372
30086
21781
13182
1590
28181
54886
82730
77936
53494
31819
12850
53365
74707
19918
21946
35807
25339
78542
98608
3361
57564
86343
15985
77616
47285
20239
53934
78062
88740
67522
90602
81518
32386
46909
11
20843
11364
18677
34337
39434
33106
19568
20362
44490
1216
93644
85879
31234
11359
84163
41920
75993
65229
69219
4722
12102
49921
19219
62929
36198
61138
77828
17355
48134
45396
94987
4604
87153
58468
24263
22026
11284
59881
23731
66863
23457
21664
60266
96158
84021
3514
57921
90809
91849
40095
1035
14185
20124
20044
98986
76151
39418
47932
96515
90858
82851
99814
83015
16857
6004
48036
30835
23319
16979
91275
27245
86012
61367
96849
82914
84781
51543
97300
74357
6663
56066
59745
24714
56026
41379
11851
87438
24799
49914
24560
28100
33177
9101
79039
46899
83738
37275
50886
69769
26537
58262
37920
83667
23618
97558
92366
74941
45436
10765
78314
19220
81540
44675
42514
47666
21454
50732
53443
36426
53952
80802
68076
74778
93491
78480
75265
6330
70512
97777
15473
12894
16067
33616
77622
52896
98302
14595
71341
59383
85998
19489
39550
31692
63700
40811
55104
79332
32922
53647
92013
67081
57445
39271
64864
41744
86567
44092
21289
35713
12516
91368
7387
46913
76184
95964
95150
60117
90088
7670
63024
3102
62536
67717
29615
23738
74074
96607
71368
1808
91457
42324
54138
29002
30830
55182
93545
8779
31960
74381
38878
14149
11789
88988
10904
89830
17456
50449
84234
1643
55363
19598
98998
96894
22395
77707
19645
72402
49191
65035
34377
79970
8637
71744
61855
10634
54664
86278
75341
98132
73360
80848
54802
20442
34173
73518
52127
74438
9406
39104
59690
27567
4628
7536
53201
92069
20126
41958
93413
29898
28712
32471
74133
59953
69428
96661
67240
44746
50739
46101
96162
86891
63985
60866
7463
36539
71763
5318
97983
94408
16147
21155
75670
25120
52035
369
45492
15033
9122
12710
8601
4517
25403
58323
96279
34566
76289
60836
40418
57726
78711
78237
42811
77961
37789
69654
1516
19457
65285
86550
22729
86111
26612
67375
1769
21403
64679
66374
92711
83423
10436
81069
60070
2079
85001
14400
82147
61702
77942
36888
51973
42467
75756
17658
97
78389
58617
84528
84692
22509
46703
77452
5173
5913
29203
29827
2916
12507
60540
46221
57321
36870
92417
7610
90634
16224
47267
42784
19217
76963
92575
2954
50946
64703
30958
65502
92343
30938
27505
31376
87794
54540
44234
94325
36155
66957
62638
99848
48511
1034
72697
52674
92180
5063
24006
35185
3171
28077
65566
61026
71325
48980
63263
10793
86781
75352
4195
58139
75766
77673
51921
83327
80255
86644
27988
90959
17904
26440
56945
73748
26780
39443
75535
25464
87336
41104
60828
48600
18903
45347
58197
68561
26814
35662
43324
37528
19593
60739
59078
22861
38251
65777
88574
30173
56500
28597
17451
74096
95140
92432
67579
75943
14523
47270
33746
54633
94893
86391
49424
31443
43274
33075
96109
42167
94841
88501
45221
5321
54313
94161
50413
51258
73210
49640
62440
34662
99590
42710
32960
89702
61414
47014
63702
47833
38713
50400
80452
42547
15563
82576
53598
12378
87178
19379
23375
25079
38420
87070
69948
68394
92776
81374
7055
91952
25503
2691
69228
11237
72267
35249
47979
21768
99208
12221
41484
50092
56996
87462
68353
49761
38816
80742
17012
30640
8672
92132
30864
87253
55317
15645
612
6717
76499
32707
91263
79410
54439
78259
31640
42331
2902
101
7548
34795
76549
21351
31463
45400
11585
81723
72204
59607
17778
85797
55074
99876
99184
12433
10393
38160
94760
17646
84374
7828
38900
92538
27587
99224
61101
78946
71067
81626
89106
54558
57027
15110
84588
60812
82512
64415
56077
47819
75683
23176
2534
50909
40096
41663
50528
27362
89899
18386
16012
13878
62862
53960
91626
43869
57764
28727
48410
9794
718
36400
25720
95314
51645
33073
32905
48693
98402
35984
61488
13459
95795
67994
2035
17223
74334
82984
68784
58222
63005
50305
17765
9157
19090
69117
69069
57613
68731
76616
49509
28175
42842
92185
71384
70845
3050
6234
89989
89754
34980
72026
99510
39021
60681
38018
94291
95183
69637
70049
31000
22396
17157
64605
58324
11834
51544
13781
59631
28686
31883
44612
30674
15891
6471
8023
7448
28220
98985
89481
67443
10700
43997
37604
33187
51794
459
25935
74588
10790
69167
87945
90887
99710
7728
60819
27091
18980
98984
32527
15789
76782
68688
64147
38749
49910
65186
4750
18526
86996
63129
77899
47018
26825
99533
86155
7568
8043
97673
32858
17288
85599
74285
74202
99523
11199
97984
66069
95802
82959
667
91052
70641
96196
60985
82443
67399
49573
42446
44269
64241
95399
85788
59125
31177
72377
8741
37974
47235
13604
26956
26903
95554
68058
16753
4150
92752
74810
41467
18385
11350
7697
47680
27669
6616
39988
42899
73185
52505
39735
95870
6857
56232
98379
65858
71922
1877
88349
66549
19909
86846
77512
38943
7693
62436
30204
20314
26920
12695
10912
65045
94540
38406
33386
62
71186
44940
98571
92330
67391
97579
8037
15941
16633
53378
52424
6501
90996
92635
23098
6288
69475
26074
7694
22254
1397
14500
6
5704
71470
77438
81214
18381
21886
83673
75140
20309
84909
81754
53090
64812
25072
67710
10431
82267
72200
3497
32927
29628
70903
29685
83922
71129
2865
43627
2836
35447
30251
46203
4382
98580
7997
37481
39164
4846
30518
51199
20768
7850
13530
88826
77103
53599
84947
9191
89425
12426
67991
6782
75115
1254
43235
30758
11161
95913
33717
98690
51860
24844
119
52366
14831
87725
19654
50797
15888
93981
47809
41523
61258
31459
65389
31346
99398
26596
71811
34043
42926
12569
65078
56889
62212
93187
63214
15836
18785
6472
21997
77816
30139
1622
87759
22100
37928
52003
35482
31317
16978
32310
29437
4457
49443
50482
95576
11740
42819
1879
98177
20470
33276
94710
37194
95897
74500
50789
27225
19813
17052
96958
90388
15458
76250
52889
463
36942
47116
31943
6031
90096
84253
41447
93855
48640
97442
40441
9710
3246
94793
31970
76852
15396
65957
93758
94450
22975
34549
40340
75655
1762
31027
59111
53886
3103
88493
74593
60831
32678
85743
36845
14607
72248
83400
73674
45159
70098
31360
64309
25366
8973
69130
49562
96441
85193
60140
37879
50580
33083
9346
37671
75470
22870
89127
41271
38619
9521
5382
19092
41597
56737
52251
46985
73724
90688
89037
79847
7110
5752
8222
40302
13976
46122
81163
58526
37216
58040
67530
37301
53806
8087
49377
62925
74189
45373
10500
79761
39881
72560
11863
93664
18919
72873
34299
33366
25417
52931
60764
76281
71259
39410
66390
99669
52386
61917
70691
11551
57937
7505
95967
14127
27453
51492
51489
87485
16869
31747
54662
89662
5170
28360
1473
10776
26165
28173
37733
45671
88605
6239
11150
28026
70799
37882
25390
24179
53767
75261
95035
37446
75648
4869
91136
94343
57128
5603
15038
67707
68928
80449
60376
40606
53242
65057
64221
49359
15456
27532
77186
50070
63600
85443
87359
21762
79223
94592
35939
3681
89149
8541
27358
38976
75369
30750
58546
31913
29922
90378
76327
44445
75525
89426
68553
41017
38133
23082
45150
36558
68757
72503
58421
6909
9440
45118
24930
53281
75744
94887
53941
98940
8540
89458
56542
52308
57231
20310
97562
97174
71009
85985
3296
9038
37176
10259
9383
55194
87649
43795
77633
13506
53717
27424
19750
41442
38478
30344
96941
90005
35329
29484
58908
55026
38545
31708
4383
42389
11461
28437
72539
39527
47244
45096
28444
93355
41727
84185
59227
90165
88162
46142
67275
59588
70883
4710
53505
9889
57495
77207
26563
68526
25916
11579
67986
12869
70408
62019
67631
8562
18394
77579
36571
71790
19962
43020
50846
85993
59801
94214
50455
17659
25747
89907
93971
62620
70733
72139
49095
20323
87533
32920
17609
13728
25426
80230
77069
68508
74269
89765
12424
29364
40312
86785
14117
70183
4075
52213
62195
27330
71985
64038
33512
960
30791
68627
65463
67195
16671
99322
82734
52460
91144
73988
42137
67790
70131
87996
87465
9815
90658
8112
34655
3541
71915
86954
54373
85422
35599
30833
93876
54121
75292
23924
31277
3889
48267
26885
50135
85629
74979
9929
67292
9651
69839
75827
52829
29633
74966
93017
27249
84054
93909
18782
83590
33771
48905
36839
40967
46036
74569
17895
52934
15632
41909
74195
34506
98369
11151
98421
48515
34192
8333
34867
87113
10428
82062
11736
22555
15572
18778
83954
33975
12345
19000
98596
78617
84539
47872
31728
63384
47574
41528
11946
67147
30348
97790
77435
76552
51341
21405
32031
54390
75360
83002
54366
12337
45293
43341
32394
69624
32366
36498
62773
22081
56434
24010
41844
61354
92409
49690
8277
21253
79940
83053
13402
30127
42299
16371
60506
51633
18270
16712
18977
67155
95521
37296
96612
99917
36184
90348
96094
25466
81467
57747
51052
40109
13135
48235
7470
70184
96589
23495
5951
36210
71560
15342
57850
61406
9502
13569
57652
48246
73295
45744
50095
30365
39755
41304
90218
76870
93561
3525
34717
78532
46990
78643
74537
87601
17198
54275
68988
25674
13098
68786
88769
94863
65194
57122
20840
32763
12053
99313
1720
46681
30561
58125
81350
53393
89836
61322
67093
93231
31849
46807
11912
77233
44190
950
46384
48232
87930
63435
31720
13233
28809
65295
46771
12583
10189
5418
28888
33801
55713
8229
14270
18892
25995
6545
24952
84632
93227
98842
6618
67178
57534
62537
69816
87259
35618
67734
60822
76539
89866
38596
73903
33188
88316
10214
85215
8303
9320
92758
15954
69737
18294
84385
75015
96617
99767
77147
68801
76902
36723
59194
76868
62349
81613
33348
7734
68641
33194
66949
45792
49133
96925
53369
19430
56
35707
3210
618
44678
87547
91934
50088
63151
33424
79548
47849
7525
64259
44052
62443
50587
57087
76581
61310
36360
85904
23259
95900
4753
70370
56968
34478
12362
8351
78156
53040
96883
75763
35847
98699
74814
21547
47665
72824
14794
15104
44786
94925
44785
50153
91344
24453
16783
76239
18492
15898
9190
6743
47247
16015
79718
55908
63841
56583
68707
10384
28947
79190
38762
2636
44413
87843
7147
689
98654
62428
28402
88163
39752
21923
7276
37145
39059
59500
22176
74465
79428
36769
26150
56010
1901
68544
22666
3741
13651
17024
70108
38007
12070
78047
220
18179
99207
14883
7514
83641
46185
27034
29305
17564
86412
54546
93072
50616
82927
96080
81057
75555
69505
26789
10846
36933
17232
82213
69036
66896
10835
38600
601
88452
52710
88692
18209
75363
58186
59516
33133
43688
11776
45403
8159
39447
41330
42943
24432
55086
55649
63581
37525
40905
64452
98750
17185
15640
94607
62454
69720
53056
10548
65706
70996
62677
26078
50560
44810
3273
93380
69445
23293
22308
33978
51690
15656
29494
62588
25848
39926
42209
86671
85146
80195
42669
15030
39349
90695
87049
12185
42485
84240
21245
81706
96079
54133
28373
12627
42615
81076
48115
20788
44512
28943
11718
68646
33446
14485
98930
36350
66193
52920
62152
33968
92978
76798
29752
27125
62438
94711
13576
92505
31766
36916
69396
65937
94847
30337
10341
90762
31736
2419
43650
27054
91830
49520
36677
89924
37387
26052
20540
50685
45143
51780
77364
98665
53353
22309
70700
35649
80380
18006
99555
34626
9829
23653
83073
17274
29794
56654
2503
30953
47379
82476
2892
49480
32211
96873
76972
14706
44869
12489
50456
11815
75330
61175
25544
34949
68647
15446
70363
18588
80906
71104
29250
41073
98586
52869
85763
70441
92493
28180
14439
97178
20719
22222
33311
3186
38790
70431
44891
30254
98982
31585
793
5213
95104
48265
19214
77992
22563
68524
95696
81499
34675
9420
71255
70835
51878
50083
56616
21512
56334
41975
29387
81524
69297
71188
35296
56495
3703
85821
28025
10235
26805
26552
77184
21125
2232
86396
32332
62750
26091
41408
93506
28323
81801
69288
56832
18777
23062
39431
97468
27870
9177
45639
49411
54993
67193
35286
80204
24634
76493
38710
25536
48720
5708
98740
51891
95445
28599
35265
67753
72495
35812
8373
10404
79894
86023
54356
94072
3960
60441
51683
82422
10908
30487
31925
69530
3368
74140
39933
8882
90865
91160
13043
84063
52898
29764
14825
7015
14552
32779
18336
43338
74830
90488
65342
8579
93175
32992
85801
82647
27685
61947
77444
18100
52335
67652
11705
67139
87224
18310
78437
45613
19021
22642
66470
71615
46074
57609
47515
39874
19824
76258
96473
23644
88334
41360
40701
50126
55183
10934
25023
69293
57677
53098
58806
86710
17689
30041
87281
96812
54787
8912
65828
85616
86153
44174
38229
94534
6619
95715
44777
40305
8185
8678
68024
96836
55352
14862
85772
71006
98073
80477
98071
86946
59215
25994
51899
49645
10391
11576
46628
71377
97202
95403
72484
59989
76463
34067
8940
58042
67572
28577
85854
96381
71268
7654
47988
9362
18276
6940
98568
785
21987
67321
73931
21705
23463
35217
47129
84230
6157
41162
71238
51141
59720
22114
82565
42622
11809
95381
11212
63079
55551
47581
82127
43148
57264
84274
35109
12302
75848
98834
83220
73976
97208
94523
59993
20420
86509
39479
25756
27991
17474
30318
12032
588
91327
10831
92165
21321
86315
7601
78957
97869
38211
68629
44366
99992
64219
83446
96052
96646
74075
54577
36947
12466
20195
74200
11603
46396
51310
88374
99962
27455
60523
1851
7899
9389
93949
62662
29378
8190
55228
65949
69212
48733
65380
51417
11247
85861
84102
22195
95220
94396
96656
83226
48946
1338
58662
9052
52988
66078
92954
79674
14167
51202
37292
99833
14316
34209
61278
86099
85041
71582
25902
24533
13970
5882
21974
16647
19011
8108
930
5989
13700
25455
12564
32871
88672
74727
2436
12536
38906
60693
3909
50767
61231
33815
74175
26820
40502
33950
91226
74906
50953
34046
23488
62306
61092
96596
48908
46220
75835
98091
35824
20279
94566
99202
87213
10766
33472
26614
66971
20582
71894
63352
39626
9772
97371
51506
91673
49923
53761
20228
95368
81223
53859
51599
96283
25666
85658
45917
4047
83636
68881
7431
6641
8250
96223
94318
26865
3814
20786
93939
14169
92404
89616
71934
8039
88006
18376
58354
67779
18501
70886
80116
68402
22981
81818
87919
24874
8988
1458
83163
65527
49396
38929
86632
87226
44676
39599
14229
53887
30798
85733
23348
66096
87138
55327
64016
68598
79305
2552
20779
21600
17854
55997
34512
3427
33835
21582
72276
61327
54986
72781
57243
2205
93537
86178
64022
55932
99406
99379
54378
40624
7275
21186
32973
49314
66117
18591
83223
78132
36537
35891
31479
26841
38990
59734
71499
56922
88054
14514
72054
34874
74069
57521
20645
99635
61868
66487
29951
4336
97345
20699
26105
26240
80664
87689
91002
99434
79474
93677
73077
1125
81096
40268
35548
7800
50855
49171
31048
50958
98407
93396
27865
76106
69109
13263
8731
8113
90685
66253
27174
56142
46724
68602
46744
59535
28728
84882
31556
28011
6655
15528
22211
4409
2642
13846
97066
64386
78842
81175
40022
96446
49061
71015
81034
6627
17996
7711
48138
21624
58302
12677
1752
32969
83414
45897
59043
59162
33242
87546
18820
42639
14753
53659
4372
75620
65017
21094
63495
84199
55546
92098
25250
7049
55463
94444
77959
39351
22164
73347
24410
91006
98194
91811
35644
18364
46822
70032
80209
98169
48084
61286
65256
18831
4451
68080
67660
68123
63425
56366
99901
80121
39927
86667
76164
52658
84795
5518
64547
56144
8261
68797
55920
10468
19375
7784
62864
88871
18277
12836
21920
20986
55242
81640
70643
17418
49367
55177
66373
81697
88400
13131
29216
59872
17607
35906
36026
50406
23200
30543
91015
15615
67843
19950
6045
80866
66291
10590
90802
53273
34226
62952
21102
57043
76103
45378
9831
5768
70565
90549
27297
67405
71070
37153
68116
70471
13271
99574
72493
50684
60128
6210
68428
54511
36589
16179
56696
94301
97351
64078
23777
64155
90208
85237
11780
19763
99628
11820
34115
4171
45184
4114
26893
97104
84181
5441
51031
11751
21272
84971
38968
74148
28733
20888
81393
67126
85910
5278
87141
5960
88123
63917
23650
96897
53567
41721
12883
50335
12090
92596
76020
87644
53409
83930
59263
35969
52053
60399
53438
36472
18362
80552
67569
87839
45791
95330
60621
35799
5068
81305
26038
26511
50094
66369
7755
5602
73496
91218
29289
50177
29689
17129
36968
89342
48301
5943
95887
47632
19350
92781
19838
13397
25972
81230
43463
68997
56468
80824
72300
1149
23040
55558
956
44663
29966
35758
16098
58272
23525
68704
95467
97126
95799
60716
14017
237
83063
11184
56575
24921
72938
74214
23261
94073
28902
59357
52423
53860
90361
82615
33615
71229
75901
24922
48891
27908
86324
86744
28884
37364
63737
69727
96949
3613
93570
71022
37775
64183
40083
476
6281
653
4032
79764
26773
23915
20782
64770
53176
16729
86818
2996
98033
80237
78860
17913
55394
96403
88439
19552
50453
29910
22569
44797
66501
5360
89320
71469
34661
46712
98722
50292
71020
53144
9967
40594
3733
58033
96384
6587
62923
67490
67287
68892
24013
34811
55443
34104
40378
11077
21998
89205
12999
71089
74795
75992
96142
94823
65696
1596
48669
66917
9348
29958
19858
98297
70375
10287
45717
30495
73828
22381
11575
33540
71942
8361
2708
61658
37026
95336
27183
2504
268
377
96395
65381
49968
5244
71602
25725
26452
64807
52816
81910
82546
82252
27344
30074
9041
90233
52832
64465
58655
27384
95295
40622
90736
11306
97661
39382
86499
92212
3753
76655
55192
98731
98400
76128
40800
97503
27407
17511
32778
61968
78315
73429
29510
19695
4655
81026
22039
86964
85991
77411
13685
2596
54975
97355
52961
5904
76350
72680
25445
78090
76270
81977
37155
22521
34049
64641
95526
83639
83614
75526
81680
34075
83907
42469
72101
91494
41599
66825
76345
77527
96460
62991
41559
93716
90855
24375
4964
19584
33920
41127
47700
48610
35854
10769
44967
4222
60196
96131
8188
15967
43169
35863
28423
5413
74720
34318
92410
67123
4911
57119
82642
53456
32198
49223
98920
9543
9613
36668
23141
74312
46139
85206
14218
12354
22047
71608
92847
26447
6923
18171
33866
1046
80422
67510
73470
92806
87388
41320
97986
8762
82895
9874
66306
84654
70723
68870
77073
33251
14967
67591
64170
41582
91330
36334
70617
35827
51190
88685
75033
25860
90077
36451
83041
66059
2764
82589
8377
20918
87339
78065
29660
5402
35383
55336
25211
66538
38416
78185
95841
59469
41978
46548
23769
47059
22625
82060
49833
72729
59750
11821
80450
44673
25059
35879
53156
2627
38079
8999
15332
31535
83305
15200
46482
35840
65277
8340
49925
67160
29783
47920
95205
15272
7459
37427
32497
17599
98035
669
11369
11905
91390
57144
79128
97923
14242
46228
85792
11757
32686
21508
79960
47820
76795
6094
6855
41610
8119
21763
48139
76935
64339
11987
70035
78609
77203
72201
80666
5866
3315
60248
71703
14918
99598
68744
42115
15312
17552
20328
58883
1861
6801
37137
49421
57517
33523
42922
52503
21791
48648
74211
38959
9271
31805
36730
76811
14406
69128
39664
19904
68940
77010
65392
53210
56396
26060
24243
61515
28044
57017
23622
84591
44354
74533
43816
3155
55279
4935
61332
13027
8299
46380
5380
58660
13777
7322
10761
29183
53371
63570
62693
58166
98532
19417
17372
44272
64586
23515
43088
17427
88583
33660
61965
79102
31449
86676
80321
33411
42326
55159
83911
20763
87291
27953
60566
30336
94009
46247
19464
91236
72882
41444
27890
72887
34822
91708
47976
83128
13885
50156
95079
79022
26826
34077
4486
53331
5813
74922
49482
88665
78467
24763
90330
70072
56325
22315
51703
58015
19823
21967
69951
77586
79908
77827
11945
54538
37201
64722
58437
44976
33218
80352
86722
24134
97317
90314
8191
22568
12544
55961
92570
73538
33694
37168
98863
70476
30891
2922
69800
64729
68963
56863
16281
55782
45718
33247
73454
47007
93496
36139
5144
71860
7842
13946
34779
3531
18233
77445
76197
56921
52040
95658
62355
66807
72084
65066
6735
63446
86000
15926
11446
57863
46809
80898
38740
53569
59526
39678
33219
24219
86138
35971
5765
37098
65524
24642
56209
67137
48195
7482
57044
99603
11895
15171
17150
42978
77027
63236
62938
31644
35409
90846
17594
72967
72935
70129
48595
68390
17278
96450
411
23582
32099
74510
8963
15731
24648
18793
1629
26840
90628
10730
26138
83625
95786
74559
45099
71826
22196
66598
96848
52893
813
64449
75108
12285
21097
41963
40206
7025
56682
88821
92064
75854
85399
69041
15979
65914
57174
62867
34708
69632
58414
96753
81656
63507
19856
55458
82755
90294
22626
97152
83852
78758
91306
69266
67121
46252
14756
75986
80083
41972
37943
9234
66908
15050
92516
86047
68878
86305
2738
20707
89596
49207
21723
7714
33970
41793
72740
5386
97373
72721
26081
74808
33148
22213
92242
35716
32064
47452
73342
67816
67520
93489
59596
8893
52192
17062
75515
64803
53160
31335
59521
15884
73442
10151
5535
38043
32847
89386
42248
72908
17995
85844
37697
36378
60361
62252
28834
1868
70626
36324
42196
62134
43831
55333
50671
38876
73477
68354
36468
89062
20236
34866
77765
2421
27719
33122
54747
77953
13935
6343
3989
76030
76415
56795
99688
75269
34771
10704
11044
53737
59539
43955
75608
88930
96359
25204
98565
22049
25167
5831
76202
57741
27745
682
44089
72960
54304
72567
10375
27411
14310
5373
70974
45877
16796
32436
32001
47024
83854
47808
98176
87081
97833
47102
17892
4934
24658
88737
38390
43728
51709
97184
43163
50218
76428
83814
54568
93111
62130
58805
87981
70135
88487
4080
85669
68516
63115
98346
39973
27232
40940
31715
22864
5328
36859
10577
74412
72213
44931
43835
11049
83426
74187
99788
37679
18215
269
39573
37855
22824
43975
55220
47816
58835
83897
31698
31157
58411
51298
80016
66675
57683
71732
90411
22806
31702
84630
36666
83576
57004
90198
83079
50913
78798
75845
71418
7303
57091
80439
2729
44362
76867
60385
31677
12639
98810
52084
21918
76314
57829
33853
47409
89373
67305
67347
69546
94420
85999
36081
8503
61914
83746
97327
18296
63132
68457
78153
23304
458
49847
79555
63958
91748
40650
81945
34919
67997
58692
82129
69237
39259
27770
12372
65819
78422
40925
13871
86963
92219
82974
50131
27451
34568
93583
9565
96339
21274
54065
11735
91950
34431
33627
16944
86425
69222
85487
11068
99265
78486
5922
98862
64123
21922
49504
67348
95676
33015
88738
88273
10977
28369
39207
93443
84849
93070
59271
45409
43875
49787
90636
3432
93849
17181
85701
74221
66158
12515
32477
83596
58361
91035
33774
72028
68820
97717
14946
73517
95810
15953
8789
70683
20631
11802
38033
77285
21891
47928
17203
1809
86600
49887
47903
58964
9156
159
2958
55392
77389
71689
34134
54874
96309
24536
27438
35927
34214
55095
20693
94472
84395
56108
17943
29063
78768
87979
52854
60003
75674
49909
28322
44324
1642
91843
64007
12275
43719
10025
40144
93841
94558
78184
8128
72255
33906
5805
45353
99667
16956
53994
14471
29953
50593
34300
63202
22117
4946
19252
44161
90223
22048
27926
5937
88148
40617
17757
27634
29934
40897
64306
24364
39594
66650
62683
25973
3576
60625
42233
19191
56420
1883
29757
88284
67824
29696
43419
79850
7492
38944
77805
71586
94321
72265
26326
49519
4170
1812
63994
70630
89416
12281
7411
88040
35134
88407
27804
67073
93893
66757
48839
99457
19121
37421
89689
51853
39296
10589
29150
47375
70540
59579
10992
56928
56920
92729
52020
17354
70977
30026
63299
61500
52717
61744
33590
48638
92472
58948
9124
45301
57794
85833
29435
37244
35316
9803
15220
27064
93665
28157
14302
32985
58917
42345
99953
24381
6861
66203
85016
13405
35431
93105
90927
50385
36736
93787
17570
93804
76342
34864
79964
44437
23757
75745
84142
18250
78029
81451
57841
4464
58738
64522
82041
29280
23193
60708
83085
72803
6811
41377
41779
78702
71164
43075
52701
62426
31906
55531
24356
45609
1
49989
94954
12960
55624
39448
92327
46638
95029
47334
26828
99974
57204
89773
71983
49309
14521
88135
8930
37942
64583
19562
65775
60422
60474
15532
98359
82549
28805
74286
71829
7430
1627
22372
71908
47690
26835
11530
57275
58313
65246
35252
72491
97591
59462
46538
18022
50364
53675
46777
4983
56839
98691
79592
77623
97752
55304
46066
34241
4121
42747
42657
43183
14450
98852
36348
44625
86167
57893
27485
95159
63699
17668
12503
31169
73851
30842
52848
52557
38075
15056
16164
16802
8735
58038
53229
99507
14530
72952
25740
56617
80674
59767
22469
67187
52290
48926
88436
73306
27272
26536
11721
28168
51063
89633
3705
8967
42673
33125
59592
71406
86555
72777
53344
95685
63096
57160
58950
11502
97329
45621
50134
92641
92994
37034
93568
45463
27521
3114
89648
51035
10566
2630
76694
39217
14957
422
35216
39937
35335
56170
65612
86015
75933
37662
61203
21522
48498
75332
81211
22962
42633
69774
61260
57578
51710
60167
23912
48849
22006
2721
58749
85840
97108
21505
18869
55813
96090
2195
66830
52318
42661
28368
96254
211
29512
41212
27806
99548
47424
64000
23583
98485
444
62549
1276
41008
87304
97619
24571
13408
29959
81053
21247
71877
51405
50217
79471
8205
2869
15241
82392
49661
59819
79863
18672
86117
44412
2127
31146
58512
17616
63645
66623
39887
67060
91365
51842
68763
5332
56471
89843
61320
98290
92265
90445
29024
38771
80483
66669
20525
38339
52850
56906
29218
72704
49252
10875
96544
23586
97497
96407
69484
28471
48889
24398
28448
48360
57317
28301
75327
21553
85908
10367
75980
62379
71074
14653
73095
21587
16060
30219
28606
39096
68199
69202
14614
28040
79054
86795
81799
77309
83580
50995
99570
12601
11647
51772
65306
22681
43131
42122
44553
95426
72795
68633
59914
62997
94778
3945
49762
15275
90881
83912
64227
14735
98719
40686
13122
3306
2096
80741
61405
68466
30099
61055
83072
69230
34219
21409
28339
34153
80810
1813
10617
87202
15727
70719
51315
61023
37829
85907
63194
96952
87423
81200
70432
74737
40460
18643
46063
655
60411
1654
89995
65396
15652
82159
78813
65529
23992
23010
58458
61765
2013
23297
84333
11089
38565
22219
51618
63389
67388
2450
5561
24182
40230
65711
17628
67993
41654
11785
69231
90112
40395
30429
10388
41462
20557
52990
81234
67215
84183
25667
24534
19946
79695
56995
43174
89299
25370
28790
46409
5195
69499
38109
53293
11143
6953
84619
94383
55511
32362
43410
68421
91818
20003
7468
31793
58045
61960
22910
69765
97688
74640
88464
88007
63932
40491
1635
15875
71026
9448
68839
42067
47473
12229
93880
14789
70964
82051
25634
72273
96201
72442
27075
59645
53838
40551
91421
87146
40648
54453
67373
6034
99323
62830
50433
25726
11371
5525
99589
88183
17349
65235
53764
51821
62565
41355
87094
2839
1416
98119
71808
77764
85064
25794
88085
1040
58438
8510
48063
44396
94324
28476
92605
35459
91151
95144
26031
45351
81167
863
26404
95067
25289
72665
86510
15718
67439
57922
5162
28773
38645
40782
69724
25402
55893
66003
2359
83950
57563
80912
90390
38366
75240
9292
86127
50185
94975
49297
72479
4321
12220
75419
47738
4951
58464
66159
48026
11943
15625
10659
54706
84454
80052
80585
80958
6229
64971
56045
89198
71544
2879
77152
52443
16022
6872
11443
67713
23089
98057
64040
15920
39740
52983
19300
76958
86248
88731
57285
69124
51291
14275
86500
3706
13490
88361
68511
79561
59642
21138
51827
70332
55102
11351
46071
50618
76988
77295
45949
17441
93530
51901
28616
61045
23746
12843
40453
40202
81156
63006
59397
89967
59941
28962
45395
4282
25559
78514
6473
6304
82000
40620
55261
40671
44588
47117
67447
72366
41067
87223
93848
49618
58521
85331
16467
39474
7209
34856
46995
82977
97236
71294
15116
97610
47953
57070
57033
53611
32612
85550
51327
96060
37384
12797
91359
11742
67751
87746
8209
94341
25517
99790
2749
75953
33432
54168
59476
22291
97449
64839
28000
18577
26401
55471
4845
21297
62664
90940
47384
45533
81815
61891
85097
3073
97758
5279
83692
26496
55362
33826
55181
16037
64863
47710
89815
88456
34838
86297
54302
14086
27566
80393
45078
17612
55343
90074
75771
27059
53193
63307
88910
70042
98087
41733
336
30437
38126
83899
1087
13144
94695
79611
97725
12543
82489
73082
67168
41763
72420
92924
23971
33234
787
13305
6328
69758
82724
14703
45478
31057
95217
34945
20554
81416
25512
82323
50511
3347
25323
81627
89074
61951
61046
56651
41063
39289
86152
15180
22104
69770
15108
35763
78239
85964
26422
59978
2655
59508
76175
32887
87267
15515
5874
25064
68900
18038
61067
2431
85307
69966
39060
1164
1725
981
14549
50717
37334
2550
45740
84815
972
82321
56318
54953
68811
99315
64723
54737
66216
529
40235
28064
40440
37114
50764
10365
19282
68814
80817
50440
41729
98960
73842
25809
72801
3772
12481
27648
18703
52913
31205
43447
45318
8281
42803
1307
90870
58377
40408
44904
60010
53966
64978
48039
69121
49446
53583
92300
37784
30388
26654
44478
11799
3730
56704
57908
36423
60363
59443
12750
74385
34740
98484
18737
13633
21180
71587
48324
88442
80877
34695
54113
12463
35632
11643
14498
56721
26055
76145
87611
63926
36898
17816
95992
14063
52495
30539
73124
99405
5555
88281
38794
40981
92967
63092
26008
3329
1003
22707
20957
19641
37172
93708
94648
24583
64970
85240
27186
3101
40423
25523
8440
79512
13923
1221
19358
26470
63611
45804
14963
55802
8632
7507
38723
99670
23138
85980
94201
63121
72778
14790
85990
80905
503
86681
61217
68454
80563
24758
61211
13137
11666
68942
64817
19292
48904
84562
70984
90727
84316
53954
10380
67323
24307
53361
39192
67959
30355
89857
7383
5864
79967
84809
16902
80068
8829
1002
90266
95071
67587
2171
98634
64662
26715
31530
29907
57929
35454
1116
99205
82757
93878
41547
34632
55561
96816
32378
90029
4368
87961
63575
32028
63701
72559
21394
3150
34777
7140
40417
6095
75995
34556
365
14313
67116
20194
13669
11134
75050
89569
36399
22756
95965
67262
36706
19588
33652
63030
71050
42510
62839
32278
25711
89610
45560
37509
93614
63019
69614
93392
54766
58965
25141
75495
75519
17889
85447
48119
93436
88134
96456
22280
71901
78081
52317
77690
88967
50610
90684
6951
34345
85972
10187
1891
57953
2315
3821
10697
45922
30511
2388
38386
53840
69582
60380
94014
94746
21928
59062
94002
67355
22692
85223
60750
79982
1763
11761
59955
66343
26472
95782
5102
99770
61596
12899
88376
48521
89464
84593
78975
20295
70810
78
73511
21282
74080
22809
53786
74721
47755
96427
27914
41395
71144
9586
31671
62275
64056
6390
57838
89083
67435
43290
33152
96688
76333
88182
81555
79513
95223
12129
86262
85156
2981
89089
84766
27575
25309
56017
30866
53065
79020
19290
64903
59556
98900
25066
70685
28689
24341
45365
29415
69050
17262
4087
43314
38887
54849
75110
13520
47486
57752
84012
92905
76046
65764
11694
71711
99072
51287
71832
81758
85881
54398
10677
90105
51935
81958
7064
35582
56244
32098
25093
16872
28132
13367
26253
51673
15046
55517
87163
87914
94742
24416
68267
31772
52484
25374
19866
8981
8610
52858
34331
98552
93238
52782
72327
39476
87987
81376
44087
4884
5552
74395
17728
84916
76642
68634
67341
60907
1181
76847
66544
60775
92810
36989
2695
31724
38911
34588
53540
49087
87461
21372
91874
75652
8496
7748
75282
49988
5100
56229
24430
63469
97077
31997
48961
36950
68164
77065
77286
68301
81492
34055
15802
31110
25968
17862
53155
79403
28264
97162
93662
38334
20647
81980
57437
51548
81996
75077
20857
25411
65810
11770
1414
93976
2964
33213
75281
72579
63891
30943
24473
7054
97200
23453
43093
26512
9520
87633
10996
86169
97955
7375
59119
71279
87480
91935
67465
83407
38031
84906
9226
42905
69240
95457
95146
56903
33421
28563
84580
97850
77735
26784
87206
35272
74486
63078
63506
91602
31219
23620
49487
74862
51235
52486
17844
48030
65558
96211
15085
84733
87658
49317
7171
31594
70442
4914
5570
27709
56375
64869
27024
90017
91304
40685
6987
67478
41709
86558
83281
67042
94465
37570
68644
59634
78274
77754
39370
86398
77456
49328
3307
56276
33388
45223
24643
13244
84445
35110
50706
80601
6871
97411
63808
89558
40077
55257
76926
83675
22438
44119
10516
31313
50254
12662
99022
47142
6385
70085
40741
16976
9341
86974
72958
56490
80974
87225
81547
1127
89611
49617
27691
72251
54330
34851
2327
58612
54528
75489
9690
52905
98893
35673
38456
28972
11942
12684
10350
53436
62523
84475
96924
11275
305
54189
78335
464
57018
50850
99483
93161
58753
91579
36172
38174
28722
2487
33564
66114
67045
97359
30822
56058
72006
13295
1876
73975
93953
32228
25607
60094
81512
69997
68417
15510
48103
38042
17704
35685
76825
9582
62886
35954
57300
61607
21012
69127
149
40138
39172
49284
94043
21197
56919
30234
22001
1494
85285
8224
61247
26740
58906
13666
41115
89740
55079
17538
1944
88192
99492
28901
95272
68437
69316
93936
69785
80536
78359
15892
48313
37983
14479
6444
2638
68578
984
77585
8572
19537
19997
62883
77126
23694
14666
42456
51727
1088
19367
23202
20792
76274
1213
63416
69740
72492
97694
67552
88204
57673
32110
51662
41343
9296
16290
2128
76557
75550
17977
92272
12724
52787
60019
62096
24632
72566
52278
16214
20970
18806
2820
34109
36305
10615
71607
34715
44487
16709
49032
31526
14194
16251
48988
70378
27565
54496
27391
23725
91149
73671
63838
4940
39145
58605
91556
82706
94284
76668
88092
53323
85583
42272
20734
15106
24518
58491
85930
81701
54916
47399
74368
94461
16873
27576
37630
52609
98936
18155
44482
34640
12646
34680
89157
79256
66480
39962
34605
88368
94632
83620
81683
80324
21693
25013
28533
84174
14198
63375
93428
17245
30179
8292
87389
68253
46796
85645
10139
39075
91203
16122
70484
95193
40420
88924
88379
20662
46350
96667
92743
47939
7183
44935
99472
69989
27324
45984
52862
952
5688
84272
90068
39408
7652
60364
30017
11326
18244
44744
34044
9158
92671
49867
91962
95088
56469
43940
4476
87508
53914
31829
88624
44939
35963
86651
5206
37433
19667
81843
18133
41253
49266
84707
17868
26566
93581
49270
52353
22312
5549
1348
62596
37594
11079
85883
98408
76188
90482
40854
21388
26377
36534
69006
92271
7265
3287
95808
78546
56503
12644
84169
32572
69849
11636
83835
86496
17900
94595
77399
32311
84355
89741
75067
17218
73759
91679
17268
42991
94907
89115
53054
20558
19792
21764
19146
60520
33160
24113
55611
36686
79232
28290
63556
74745
59565
2243
62582
35987
97821
75259
3887
826
16822
58601
10050
26075
37574
75974
25655
76142
27590
48401
88648
5596
49853
74040
35344
18929
88651
92121
31207
6475
68216
30963
86672
92274
48811
97107
87329
15862
82942
20213
84918
91954
22925
55330
43873
66528
50138
91675
69834
86994
43028
7530
98124
28297
71356
83234
53366
74210
78533
33872
48342
16590
77433
66398
85790
23369
96212
72858
92429
35066
34957
18679
64752
14711
72472
49180
7223
85384
5919
34406
72505
50382
42504
6377
2707
40111
65395
77379
30387
24405
16620
67156
40183
74163
74754
61371
92384
32430
52472
74937
92195
86995
78178
69418
35293
53250
19383
43743
50523
29650
64252
72876
16155
14508
65117
59342
43496
29546
23901
50018
34547
96123
80341
75725
82575
57133
43310
58637
3756
98427
11985
7082
50009
11466
62711
31806
75232
75237
39575
13532
57919
86740
87592
64567
96105
51672
43038
44283
84159
64404
42551
31516
23598
41089
48007
58768
31734
3808
24610
55322
66068
40768
44086
46000
85775
53929
39788
38052
75916
76980
36543
10044
40715
35479
77555
74697
95078
73027
7233
85403
21130
18240
72283
58213
82367
81060
66006
56237
11766
6227
79459
17065
14900
9861
42909
33614
10361
93134
99716
42140
49587
40651
79182
72171
11445
94298
81018
7675
20034
79623
87204
68758
31266
99432
27092
69513
44754
25615
73905
12252
53784
48388
65459
79670
80365
61497
5580
93562
46472
86364
28767
76516
89548
82519
90023
67264
47343
75049
59456
75801
70440
93234
37333
64414
29113
31779
37778
31229
20031
57038
60499
1848
87511
4120
11922
35594
40971
60142
84648
31471
29641
53827
24837
24747
23308
28487
66552
34154
87982
88562
2652
69744
16034
51445
27104
44459
81371
77637
89396
59251
86682
52747
1344
3648
64443
92598
82223
87652
91704
19821
8504
30637
1534
94313
67898
92143
82498
14570
61589
26237
6384
84669
83499
14817
849
50712
97909
7104
24338
94048
75804
10119
73786
37505
13662
77620
23124
36655
66426
36269
31756
42566
44730
42251
23085
97868
74135
87115
81545
57035
48552
28889
99805
34200
74840
24127
18745
28443
76634
33690
66599
72815
96494
80451
27383
44674
31569
4315
36396
25357
37013
93610
65649
70834
51795
5008
60704
11494
4276
46944
68676
22664
24985
46868
83516
46677
93740
51614
39552
69593
3645
34480
93773
90563
84718
54758
99113
52153
62445
21026
65281
55293
67802
37243
39467
10330
7969
55312
21194
23893
42805
87334
48429
26579
58591
44510
42498
17815
82371
23709
66539
18056
8570
34803
52136
2607
56340
36075
79954
24679
73387
61199
34285
80411
12269
89134
30134
98386
61309
76679
55404
38148
19008
31823
28177
37744
63170
34240
24977
85987
50190
55627
48992
6334
3848
61102
51512
28992
88801
56467
63348
43790
8004
96179
68920
27687
15775
5425
52039
56433
38606
58337
65401
58296
96442
75518
60252
81216
38244
66311
45573
38551
52769
30841
64139
819
82864
38642
29155
18752
88664
47212
23632
63294
24955
72460
57962
24738
81309
38184
8050
91844
91655
48505
38378
8450
57048
24110
51443
38500
5548
76704
16116
51465
90531
97822
19486
96083
51937
37253
74929
23451
22657
15440
64243
67834
66801
89562
1325
28661
67353
82339
63342
21694
41339
88317
44250
45682
88815
95194
20550
9821
80751
12957
93340
37281
16383
69498
88498
9347
11786
29671
94531
33168
14671
56168
92773
88853
96582
13203
34622
56301
33450
42987
85372
16621
50621
82856
54739
90976
58580
31288
59178
44376
92526
30668
90829
73911
21383
94776
11920
36667
36299
34552
53326
43685
95586
60269
92795
77200
26116
90164
42374
60935
29805
24946
26833
80093
38263
71353
45981
97531
8666
90389
22492
2490
81487
50783
86274
82485
23812
25713
94675
22072
49302
36448
77536
80721
63515
21704
13322
47290
88462
60936
40165
91247
38328
13199
98531
24367
17611
32462
25102
61077
15693
22841
80376
53652
16652
51536
91393
21325
11335
98441
15191
27511
7947
15826
92381
83838
95191
18815
61201
74509
40287
40615
24482
40017
35463
21170
70138
56656
15552
18521
32483
47254
94297
93087
18051
36223
10453
5725
90291
50599
2823
82950
22759
1455
5124
5579
91339
12550
34162
91791
29051
78258
81822
37417
39910
45855
33464
17258
63562
16586
1512
47098
77011
51058
51507
80416
72812
20238
79432
75669
46344
65275
84822
91636
79682
3904
17990
28879
45637
50272
38490
49346
53091
48645
16756
80070
98335
8243
17066
90603
85037
61244
90938
53403
99063
30720
69644
88067
68161
25193
884
51583
7103
53981
24932
59616
23920
66089
40301
2938
37849
83121
33714
76684
55176
95742
51670
37645
71472
61308
84264
1447
85668
48117
59410
65951
21067
31537
92566
17006
85129
4045
37975
53702
23420
61498
27542
23235
17378
65987
95595
45735
13091
57693
8100
57600
1772
43280
65351
11047
81401
21052
56642
79167
51414
95055
49280
78796
64683
68790
27169
4036
25001
63707
51695
59898
51799
72115
5949
10197
97904
69385
24671
73507
26076
79965
15490
25793
50163
96645
77460
42309
14730
71669
44943
28579
567
87366
68129
74457
92129
52972
91489
71363
12060
66878
11679
92866
23243
5121
84615
80465
97769
78742
58308
85530
58551
90144
10652
66040
24104
34914
37945
67456
63241
29116
49940
22188
56551
71317
43565
72229
18055
18608
81748
4862
52257
27239
15894
60434
34686
60680
32163
21999
79308
37167
47651
26211
9491
79141
52508
55977
29159
74504
15129
42945
90138
13029
13145
97706
788
6673
26677
35389
70048
90760
61843
82625
11835
45068
895
88798
15244
328
70878
49238
19118
51241
22764
74913
10866
50277
41639
12228
42295
96675
60375
82588
49241
82784
68938
40207
89746
1029
56935
61797
1536
58306
26990
32209
64158
57127
19175
10047
95910
37116
225
70475
67449
62081
15527
74104
75302
9241
34607
76325
57366
82431
57115
64805
95587
78303
13146
77853
1834
41630
13470
29472
73655
11976
87636
30490
35905
99707
51805
70553
5103
88003
83290
21550
84640
47604
42718
73246
20856
61435
71858
19843
97589
44565
93815
92949
13693
92610
42203
4602
48361
75164
61703
96499
95612
45320
91816
6684
46091
23845
77675
2411
33086
13319
27961
23576
19004
9512
38814
76959
67913
66723
67392
25565
55206
321
3039
3852
94411
30507
28061
91251
66834
31888
29304
96830
21549
68233
32558
20609
14004
68180
33120
44197
24630
97959
90052
29620
70195
69836
872
39686
21142
81005
63445
38268
80285
35112
11958
58765
8576
77081
2403
76953
46830
78166
41758
33420
60893
42123
15467
22086
38449
59666
60514
74102
41916
47625
86640
98512
81293
18635
26611
86750
35653
52489
29395
35250
16505
97632
44072
80508
31881
53342
34073
21892
31817
32812
74947
58236
39356
1703
64899
44252
97232
95130
60446
80001
15747
42208
88191
39311
89337
92449
55309
69346
72090
13400
1051
46010
8300
71966
85175
32981
3953
4843
64320
98667
90000
85179
74343
66605
84299
68618
26395
7895
13225
40699
12330
99957
75769
28965
78193
5312
93720
12326
10801
41973
96331
57805
33972
47192
20277
77523
27681
25335
99777
9368
12097
28591
41148
72759
68163
180
65714
34531
60528
92887
76273
5706
40164
37321
22979
27522
99612
46860
50588
68738
27476
71807
61944
60561
99999
96041
86679
20847
91320
85877
64717
71360
9020
91430
98590
49599
20232
3026
92793
7635
86273
57404
17207
72660
55870
51276
7364
24809
64258
77958
73849
26286
51505
22854
5123
56145
33298
85013
91984
16641
87594
70168
76479
26535
91076
87018
32176
93185
94342
86845
9611
8033
4355
26122
31818
92208
99852
30002
29174
24568
4068
91600
79468
63301
48268
92639
19050
58705
32600
14783
99921
83497
32304
63245
15828
66857
86603
13834
6485
6241
71654
7648
44732
32795
1560
16935
43103
57138
8334
31654
82802
12628
18175
34163
10456
72998
1940
61812
69534
77137
85728
54828
22588
45240
90844
52141
46349
35457
41511
7877
55103
19263
95243
51988
27290
57158
81042
36671
29044
61997
40558
18028
98447
59668
35689
13093
82042
53405
31948
47714
33154
22210
35418
35943
20942
76242
39019
18816
7623
80762
87757
68959
74678
29
52997
50661
32038
46867
8195
44709
56783
75298
12051
5645
32193
926
23113
29948
40045
73457
64368
31584
14232
34683
64686
19141
12927
8327
89029
19378
1683
43400
21286
90497
89994
50289
53594
4013
12417
87057
85330
95630
37543
51647
63983
29490
88829
65823
48898
41249
45094
31102
80598
91487
64840
96134
29919
96392
94160
46033
86732
13859
34567
53345
24268
86689
50422
69389
15666
59129
32533
8664
27968
54699
50200
11102
85093
65657
79728
83388
93074
16813
70900
15644
7752
92714
92159
21035
54813
37867
66947
7818
87377
77910
57294
93323
62906
48408
90611
3454
54392
32661
56210
42880
77326
14934
6751
98624
98229
81105
50256
97075
74108
32719
13882
75386
11277
42702
96847
92854
71376
44767
78802
77841
98684
1567
33124
8495
1214
47945
18267
76527
8223
69608
25303
83978
63051
81791
43475
61540
83965
80676
96353
31365
63091
27072
99325
8511
21645
68001
24858
89996
75626
65267
7986
10798
41207
42505
80375
75998
70132
9872
90930
69917
73007
96231
36879
17070
28276
52652
49530
3803
4247
89288
70435
58695
43864
4379
54266
27111
98382
91014
33776
31233
67929
23438
33316
19973
35429
3107
9396
1239
95245
37634
10236
37837
27901
7073
40260
11890
58680
65735
33755
74700
95724
88143
61916
29288
28760
46675
89528
4333
31086
34936
64657
53043
37981
50925
38702
7307
98602
27880
81172
2023
29962
48735
70782
38655
2821
17944
14848
31601
6280
23290
8387
23895
1305
87917
62189
1953
45544
21341
80930
90342
2014
15463
50151
44082
39245
24779
4103
3234
73122
44723
38962
11052
51360
47126
52182
26010
56597
16119
54555
90131
86006
67387
62784
231
25739
4356
10887
7998
42276
90413
6918
85130
44731
18656
86225
36095
74723
98726
49369
42493
93408
74626
3986
35513
78363
83211
75440
44084
5537
51030
94281
63312
55470
49505
78356
43843
98958
95346
25554
7421
4341
66844
17215
84489
56088
19016
30591
63110
36398
99287
18692
72481
17187
73866
21266
74320
71701
92317
89279
27920
39361
23866
51985
63329
95663
72859
43560
6488
33458
70778
39720
75156
75368
50311
94933
66934
97386
20514
11410
1142
24047
51920
9750
66765
91644
35545
90792
52494
72630
21867
74222
19794
90149
90823
43607
73977
55410
5275
72081
47173
27368
25782
78908
7145
55927
44255
82329
77162
43092
45356
34895
48851
69119
67909
55604
17884
25990
65311
82244
5136
96951
21870
94137
8412
99845
26192
71997
55851
65827
75060
7367
90710
88288
81806
97635
63347
20743
69436
22995
33206
52291
62528
58420
40539
10812
57756
68842
49869
5834
25331
66959
57625
50682
59841
38368
85597
65312
90039
94088
69482
84354
25605
5910
57191
59882
26632
50583
58230
95382
62264
28588
41687
96695
20718
29181
87550
84095
98234
78555
36824
22087
87821
25754
58453
24619
57220
71757
8447
19637
54897
47732
46149
32025
98626
69099
59857
48748
90834
11870
38566
62526
92338
9896
81300
70658
23512
58115
86665
62760
64157
87079
59680
32786
23688
32294
29408
40541
45090
82283
58809
39297
90956
33563
12115
4407
53890
65597
74316
68488
94091
95519
15841
5925
43003
70234
39866
28617
93333
90655
44377
40169
33098
55781
88734
63927
88945
17480
64142
86203
89009
3292
61161
34149
23373
35561
17219
1410
67378
55280
13328
94492
1914
66340
94830
33997
91822
41948
71969
19079
97145
78191
65556
3728
64242
47817
35702
67021
22950
63341
62160
86107
52597
87769
43582
92513
79836
47264
24051
80896
60335
67886
97005
36362
76999
48750
26430
10609
69170
55587
16598
83480
34768
82669
1555
67982
90483
59404
56034
72419
52034
71301
71362
8239
44589
95148
21926
40056
96351
37500
65582
20249
76374
18259
96030
7329
91886
37615
91127
53161
63408
17941
62240
49622
22852
31801
88984
89665
49157
73111
3067
40126
19693
5847
88434
97125
73169
2747
63697
51017
57467
4009
58263
63259
70508
65172
97133
52951
86675
6300
99123
83238
63234
89460
84438
80997
3476
21146
94116
30110
98432
45163
27403
21662
93676
28895
83566
98706
31223
59300
91686
9484
29086
12347
57098
29558
1328
4467
385
72013
93744
97766
20754
51083
28994
45810
70399
35856
36782
75074
81252
65772
29147
92817
97114
16133
60130
13566
37577
30815
86823
46483
31759
20094
77357
19803
36419
29328
92677
58129
95347
19751
70045
93155
81615
76489
11904
69479
35056
84887
69776
90103
8635
99317
46113
48952
39089
99575
45796
60883
53356
10815
98285
12986
83489
71666
18032
39286
99562
54002
76346
19551
27929
79263
36181
93956
90288
53851
94605
55129
79380
15052
48576
45980
49870
17700
4419
75079
46659
87472
84949
54857
2357
62439
16202
78109
14716
67110
67159
21635
48512
81389
78719
15927
24302
16384
31005
921
11729
51708
15994
3244
37897
37140
87593
42663
23595
54279
96631
66045
72515
48833
53235
9958
94744
17938
75217
49445
58429
98975
53262
73602
38004
15326
84829
41220
33812
8649
45135
65576
23307
73515
79368
42089
95995
73960
18731
33786
29092
50887
67633
30405
46933
10055
19599
85278
12707
76028
98479
45182
67441
80336
15059
83554
87091
63840
28291
54637
20790
82007
94905
5616
46734
79727
2228
26802
28525
5632
44969
45630
73079
16317
81549
57818
85932
19242
18089
51760
28223
94874
80991
7060
30175
58114
32197
87960
10963
14459
78006
79564
20296
89080
99217
1793
98022
81672
21935
71223
96790
29445
9273
26834
80503
72750
32046
4245
51260
87248
91695
90856
99634
2809
88448
69457
89126
60303
23145
16103
32521
22299
36939
79058
80647
5930
48194
88981
46136
50529
53466
94701
3153
45821
8784
46003
28460
75750
86579
52430
49405
30357
13373
19241
11882
24584
2386
44156
8574
89148
7727
22553
53673
79247
79476
88017
50598
7186
12798
42985
53113
45077
90426
60
70642
89281
88514
64649
35650
64682
17300
82239
60472
27103
69144
58289
42798